Evident,Evident_TypSubjektu,Novy
500020,4,0.0
500046,4,0.0
500259,4,0.0
500291,4,0.0
500496,1,1.2906342661267445e-15
500496,4,0.0
500526,4,0.0
500623,4,0.0
500801,4,0.0
500852,4,0.0
500861,4,0.0
500879,4,0.0
501476,4,0.0
501751,4,0.0
501794,4,0.0
501841,4,0.0
502146,4,0.0
502235,4,0.0
502405,4,0.0
502839,4,0.0
503304,4,4.440892098500626e-16
503444,4,0.0
503622,4,0.0
503657,4,0.0
503738,4,0.0
503916,4,0.0
504246,4,0.0
504441,4,0.0
504921,4,0.0
505005,4,0.0
505099,4,0.0
505161,4,0.0
505218,4,0.0
505293,4,0.0
505501,4,0.0
505587,4,3.552713678800501e-15
505609,4,0.0
505650,4,-3.1086244689504383e-15
505668,4,0.0
505862,4,0.0
505927,1,-1.7763568394002505e-15
505927,4,0.0
506192,4,0.0
506320,1,0.0
506320,4,0.0
506702,4,0.0
506729,4,0.0
507016,1,6.938893903907228e-18
507105,4,0.0
507113,1,7.105427357601002e-15
507181,4,0.0
507237,4,-2.220446049250313e-16
507270,4,0.0
507334,4,0.0
507547,4,0.0
507580,4,0.0
507717,4,0.0
507920,4,0.0
507971,4,0.0
508128,1,0.0
508144,4,0.0
509108,4,0.0
509116,4,0.0
509141,4,0.0
509418,4,0.0
509647,4,0.0
509736,4,0.0
510131,4,0.0
510289,4,0.0
510378,4,0.0
510483,4,0.0
510491,4,0.0
510882,4,0.0
510939,4,0.0
510980,4,0.0
511081,4,0.0
511161,4,0.0
511382,1,0.0
511382,4,0.0
511587,4,0.0
511633,4,0.0
512532,4,0.0
512800,4,0.0
512869,4,0.0
512893,4,0.0
512907,4,0.0
512923,4,0.0
512982,4,0.0
512991,4,0.0
513032,4,0.0
513067,4,0.0
513075,4,0.0
513105,4,0.0
513130,4,0.0
513199,4,0.0
513202,4,0.0
513229,4,0.0
513261,4,0.0
513270,4,0.0
513415,4,0.0
513423,4,0.0
513431,4,0.0
513491,4,0.0
513512,4,0.0
513547,4,0.0
513636,4,0.0
513644,4,-1.1102230246251565e-16
513661,4,0.0
513733,1,0.0
513750,4,0.0
513873,4,0.0
514055,4,0.0
514152,4,0.0
514471,4,0.0
514497,4,0.0
514705,4,0.0
514772,4,0.0
515191,4,0.0
516201,4,0.0
516350,4,0.0
516619,4,0.0
516635,4,0.0
516686,4,0.0
516864,4,0.0
516899,4,0.0
517101,4,0.0
517445,4,0.0
517534,4,0.0
517607,4,0.0
517666,4,0.0
517747,4,0.0
517844,4,5.551115123125783e-17
517887,4,0.0
517909,1,0.0
517909,4,0.0
519031,4,0.0
519146,1,0.0
520306,4,0.0
523704,4,0.0
523917,4,0.0
524891,4,0.0
525804,4,0.0
525880,4,0.0
525979,4,0.0
526169,4,0.0
529486,4,0.0
529702,4,0.0
529737,4,0.0
529842,4,0.0
529931,4,0.0
529974,4,0.0
530107,4,0.0
530115,4,0.0
530131,4,0.0
530166,4,0.0
530182,4,0.0
530212,4,0.0
530263,4,0.0
530301,4,0.0
530310,1,0.0
530344,4,0.0
530450,4,0.0
530531,4,0.0
530573,4,0.0
530581,4,0.0
530590,4,0.0
530620,4,0.0
530689,4,0.0
530701,4,0.0
530760,4,0.0
530841,4,0.0
530859,4,0.0
530891,4,0.0
530921,4,0.0
530999,4,0.0
531006,4,0.0
531057,1,0.0
531057,4,-1.7763568394002505e-15
531073,4,0.0
531081,4,0.0
531090,4,0.0
531146,4,0.0
531171,4,0.0
531189,1,0.0
531197,4,0.0
531227,4,0.0
531243,4,-8.881784197001252e-16
531278,4,0.0
531286,4,0.0
531341,4,0.0
531359,4,0.0
531430,4,0.0
531448,4,0.0
531456,4,0.0
531472,4,0.0
531481,4,0.0
531502,4,0.0
531511,4,0.0
531529,4,0.0
531553,4,0.0
531561,4,2.7755575615628914e-16
531588,4,0.0
531596,4,0.0
531618,4,0.0
531626,4,0.0
531693,4,0.0
531723,1,0.0
531766,4,0.0
531782,4,0.0
531812,4,0.0
531847,4,0.0
531863,4,0.0
531901,4,0.0
531928,4,0.0
531979,4,0.0
531995,4,0.0
532053,1,0.0
532053,4,0.0
532118,4,0.0
532126,4,0.0
532185,4,0.0
532207,4,0.0
532223,4,0.0
532274,4,0.0
532312,4,0.0
532339,4,0.0
532363,4,0.0
532398,4,0.0
532444,4,0.0
532452,1,0.0
532487,4,0.0
532495,4,0.0
532533,4,0.0
532550,4,0.0
532576,4,0.0
532622,4,0.0
532665,4,0.0
532673,4,0.0
532681,4,0.0
532720,4,0.0
532738,4,0.0
532754,4,0.0
532789,4,0.0
532801,4,0.0
532827,4,0.0
532851,4,0.0
532894,4,0.0
532908,4,0.0
532959,4,0.0
532975,4,0.0
532983,4,0.0
533017,4,0.0
533025,4,0.0
533041,4,0.0
533050,4,0.0
533068,4,0.0
533092,4,0.0
533114,4,0.0
533122,4,0.0
533149,4,0.0
533157,4,0.0
533165,1,0.0
533165,4,0.0
533173,4,0.0
533220,4,0.0
533238,4,0.0
533289,4,0.0
533297,4,0.0
533301,4,0.0
533343,4,0.0
533360,4,0.0
533386,4,0.0
533394,4,0.0
533408,4,0.0
533416,4,0.0
533432,4,0.0
533441,4,0.0
533467,4,0.0
533491,4,0.0
533505,4,0.0
533513,4,0.0
533556,4,0.0
533564,4,0.0
533572,4,0.0
533602,4,0.0
533645,4,0.0
533653,4,0.0
533661,4,0.0
533726,1,0.0
533726,4,0.0
533734,4,0.0
533742,4,0.0
533769,4,0.0
533777,4,0.0
533807,4,0.0
533823,4,0.0
533831,4,0.0
533866,4,0.0
533955,4,0.0
533971,4,0.0
533980,4,0.0
533998,1,0.0
533998,4,0.0
534005,4,-4.440892098500626e-16
534013,4,0.0
534021,4,0.0
534056,4,0.0
534081,4,0.0
534102,4,0.0
534137,4,0.0
534153,4,0.0
534161,4,0.0
534170,4,0.0
534188,4,0.0
534196,4,0.0
534200,4,0.0
534218,4,0.0
534277,4,0.0
534285,4,0.0
534331,4,0.0
534340,4,0.0
534421,4,0.0
534439,4,0.0
534471,4,0.0
534480,4,0.0
534501,4,0.0
534536,4,0.0
534544,4,0.0
534561,4,0.0
534595,4,0.0
534617,4,0.0
534625,4,0.0
534633,1,-1.1102230246251565e-16
534641,4,0.0
534668,4,0.0
534676,1,0.0
534722,4,0.0
534731,4,0.0
534765,4,0.0
534773,4,-1.1102230246251565e-16
534781,4,0.0
534820,4,0.0
534838,4,0.0
534897,4,0.0
534901,4,0.0
534919,4,0.0
534951,1,3.2751579226442118e-15
534951,4,0.0
534960,4,0.0
534994,4,0.0
535001,4,0.0
535028,4,0.0
535036,4,0.0
535044,4,0.0
535052,4,0.0
535061,4,0.0
535087,1,-4.440892098500626e-15
535109,4,0.0
535117,4,0.0
535125,4,0.0
535133,4,0.0
535141,4,0.0
535184,4,0.0
535192,4,0.0
535206,4,0.0
535257,1,0.0
535257,4,0.0
535265,4,0.0
535273,4,0.0
535290,4,0.0
535303,4,0.0
535338,4,0.0
535389,4,0.0
535397,4,0.0
535419,4,2.220446049250313e-15
535427,4,0.0
535451,4,3.552713678800501e-15
535478,4,0.0
535494,4,0.0
535516,4,0.0
535532,4,0.0
535559,4,0.0
535583,4,0.0
535605,4,0.0
535664,4,0.0
535702,4,-1.1102230246251565e-15
535729,4,0.0
535753,1,0.0
535753,4,0.0
535788,4,0.0
535818,4,0.0
535877,4,0.0
535923,4,0.0
535966,4,0.0
535974,4,0.0
536024,4,0.0
536041,4,0.0
536091,4,0.0
536113,4,0.0
536130,4,0.0
536148,4,0.0
536181,4,0.0
536270,4,0.0
536385,4,0.0
536440,4,0.0
536466,4,0.0
536491,4,0.0
536571,4,0.0
536610,4,0.0
536661,4,0.0
536687,4,0.0
536768,4,0.0
536849,4,0.0
536971,4,0.0
537004,4,0.0
537021,4,0.0
537039,4,0.0
537055,4,0.0
537071,4,0.0
537110,4,0.0
537152,4,0.0
537179,4,0.0
537250,4,0.0
537292,4,0.0
537314,4,0.0
537331,4,0.0
537357,4,0.0
537373,4,0.0
537403,4,0.0
537454,4,0.0
537462,4,0.0
537489,4,0.0
537497,4,0.0
537501,4,0.0
537551,4,0.0
537560,4,0.0
537578,4,0.0
537616,4,0.0
537624,4,0.0
537632,4,0.0
537641,1,0.0
537659,4,0.0
537667,4,0.0
537683,4,0.0
537705,4,0.0
537721,4,0.0
537748,4,0.0
537756,4,0.0
537772,4,0.0
537781,4,0.0
537802,4,0.0
537837,4,0.0
537861,4,0.0
537888,4,0.0
537896,4,0.0
537918,4,0.0
537934,4,0.0
537977,4,0.0
537985,4,0.0
537993,4,0.0
538035,4,0.0
538043,4,0.0
538051,4,0.0
538086,4,0.0
538108,4,0.0
538221,4,0.0
538256,4,0.0
538299,4,0.0
538311,4,0.0
538434,4,0.0
538451,4,2.220446049250313e-16
538477,4,0.0
538493,1,0.0
538493,4,0.0
538515,4,0.0
538540,4,0.0
538558,4,0.0
538566,4,0.0
538574,4,0.0
538591,4,0.0
538604,4,0.0
538621,4,0.0
538639,4,0.0
538647,4,0.0
538655,4,1.1102230246251565e-16
538671,4,0.0
538701,4,0.0
538728,1,0.0
538761,4,0.0
538787,4,0.0
538795,4,0.0
538809,1,0.0
538809,4,0.0
538825,4,0.0
538833,4,0.0
538841,4,0.0
538850,4,0.0
538892,4,0.0
538973,4,2.7755575615628914e-17
539015,4,0.0
539023,4,0.0
539040,4,0.0
539058,1,0.0
539058,4,0.0
539082,4,0.0
539091,4,0.0
539104,4,0.0
539112,4,0.0
539147,4,0.0
539155,4,0.0
539171,4,0.0
539201,4,0.0
539210,4,0.0
539228,4,-4.440892098500626e-16
539236,4,0.0
539252,4,0.0
539279,4,0.0
539287,4,0.0
539295,1,0.0
539309,4,8.881784197001252e-16
539317,4,0.0
539384,4,0.0
539414,4,0.0
539422,4,0.0
539503,4,0.0
539511,4,0.0
539627,4,0.0
539643,4,0.0
539686,4,0.0
539708,4,0.0
539732,4,0.0
539741,4,0.0
539775,4,0.0
539805,4,4.440892098500626e-16
539813,1,0.0
539813,4,0.0
539830,4,0.0
539848,4,0.0
539881,4,0.0
539902,4,0.0
539911,1,0.0
539911,4,0.0
539937,4,0.0
539953,4,0.0
540005,4,0.0
540030,4,0.0
540048,4,0.0
540056,4,0.0
540081,4,0.0
540099,4,0.0
540111,4,0.0
540145,4,0.0
540188,4,0.0
540196,4,0.0
540234,4,0.0
540285,4,0.0
540315,4,0.0
540323,4,0.0
540366,4,0.0
540382,4,0.0
540391,4,0.0
540404,4,0.0
540447,4,0.0
540471,4,0.0
540480,4,0.0
540501,4,0.0
540510,1,0.0
540544,4,0.0
540552,4,0.0
540561,4,0.0
540595,4,0.0
540609,4,0.0
540650,4,0.0
540684,4,0.0
540714,4,0.0
540722,4,0.0
540731,4,0.0
540749,4,0.0
540773,4,0.0
540781,4,0.0
540811,4,0.0
540820,4,0.0
540862,1,-1.1102230246251565e-16
540862,4,0.0
540889,4,0.0
540935,4,0.0
540951,4,0.0
540978,4,0.0
540986,4,0.0
541044,4,0.0
541052,4,0.0
541087,4,0.0
541117,4,0.0
541133,4,0.0
541206,4,0.0
541214,4,0.0
541231,4,0.0
541249,4,0.0
541257,4,0.0
541265,4,0.0
541273,4,0.0
541281,4,0.0
541311,4,0.0
541346,4,0.0
541371,4,0.0
541397,4,0.0
541451,4,0.0
541460,4,0.0
541494,4,0.0
541591,4,0.0
541613,4,0.0
541621,4,0.0
541630,1,0.0
541630,4,0.0
541648,4,0.0
541664,4,0.0
541702,4,0.0
541711,4,0.0
541729,4,0.0
541737,4,0.0
541800,4,0.0
541818,4,0.0
541834,4,-8.881784197001252e-16
541893,4,0.0
541982,4,0.0
542113,4,0.0
542202,4,0.0
542211,4,0.0
542229,4,0.0
542270,4,0.0
542326,4,0.0
542369,4,0.0
542377,4,0.0
542407,4,0.0
542415,4,0.0
542474,4,0.0
542512,4,0.0
542547,4,0.0
542610,4,0.0
542679,4,0.0
542725,4,0.0
542768,4,0.0
542784,4,0.0
542989,4,0.0
542997,4,0.0
543021,4,0.0
544256,1,0.0
544256,4,0.0
544264,4,0.0
544272,4,0.0
544281,4,0.0
544302,4,0.0
544361,4,0.0
544370,4,0.0
544396,4,0.0
544418,4,0.0
544426,4,0.0
544434,4,0.0
544477,1,-2.893241202173158e-13
544477,4,0.0
544485,4,0.0
544493,4,0.0
544515,4,0.0
544531,4,0.0
544540,4,0.0
544558,4,0.0
544639,4,0.0
544655,4,0.0
544671,4,0.0
544680,4,0.0
544698,4,0.0
544752,4,-9.367506770274758e-17
544795,4,0.0
544817,4,0.0
544825,4,0.0
544833,4,0.0
544841,1,0.0
544841,4,0.0
544868,4,0.0
544892,4,0.0
544914,4,0.0
544931,4,0.0
544973,4,0.0
544981,4,0.0
544990,4,0.0
545007,4,0.0
545031,4,0.0
545040,4,0.0
545058,1,0.0
545066,4,0.0
545112,4,0.0
545155,1,0.0
545155,4,0.0
545180,4,0.0
545198,4,0.0
545236,1,0.0
545244,4,0.0
545279,4,0.0
545325,4,0.0
545406,4,0.0
545414,4,0.0
545449,4,0.0
545473,1,0.0
545473,4,0.0
545481,4,0.0
545503,4,0.0
545520,1,0.0
545520,4,0.0
545546,4,0.0
545562,4,0.0
545597,4,0.0
545601,1,0.0
545601,4,0.0
545627,4,0.0
545660,4,0.0
545694,4,0.0
545708,4,0.0
545724,4,0.0
545805,4,0.0
545821,1,0.0
545821,4,0.0
545830,1,1.3877787807814457e-17
545830,4,0.0
545848,4,0.0
545856,4,0.0
545872,4,0.0
545881,1,5.551115123125783e-17
545881,4,0.0
545902,4,0.0
545929,4,0.0
546020,4,0.0
546038,4,0.0
546054,4,0.0
546097,4,0.0
546101,4,0.0
546127,1,1.4432899320127035e-15
546127,4,0.0
546143,4,0.0
546151,4,0.0
546259,4,0.0
546291,4,0.0
546348,4,0.0
546364,4,0.0
546402,4,0.0
546411,4,0.0
546445,4,0.0
546461,4,0.0
546500,4,0.0
546534,4,0.0
546615,4,0.0
546674,4,0.0
546798,1,0.0
546798,4,0.0
546861,4,0.0
546917,4,1.1102230246251565e-16
546933,4,0.0
546941,4,0.0
546968,4,0.0
547000,1,0.0
547018,4,0.0
547026,4,0.0
547069,4,0.0
547077,4,0.0
547085,4,0.0
547123,4,0.0
547131,4,0.0
547166,4,0.0
547182,4,0.0
547204,4,0.0
547212,4,0.0
547221,4,0.0
547239,4,0.0
547247,4,0.0
547280,4,0.0
547441,4,0.0
547492,1,-1.7763568394002505e-15
547492,4,0.0
547581,4,0.0
547638,4,0.0
547646,4,0.0
547719,4,0.0
547735,4,0.0
547751,4,0.0
547760,4,0.0
547816,4,0.0
547832,4,0.0
547891,4,0.0
547905,4,0.0
547913,4,0.0
547948,4,0.0
547999,4,0.0
548014,4,0.0
548049,4,0.0
548081,4,0.0
548090,4,0.0
548103,4,0.0
548111,4,0.0
548120,4,0.0
548171,4,0.0
548286,4,0.0
548316,4,0.0
548332,4,0.0
548391,4,0.0
548405,4,0.0
548430,4,0.0
548456,4,0.0
548464,4,0.0
548472,4,0.0
548511,4,0.0
548561,4,0.0
548804,4,0.0
548863,4,0.0
548936,4,0.0
549096,4,0.0
549142,4,0.0
549215,4,0.0
549231,4,0.0
549240,1,0.0
549240,4,8.881784197001252e-15
549258,4,0.0
549266,4,0.0
549452,4,0.0
549487,4,0.0
549517,4,0.0
549533,4,0.0
549665,4,0.0
549673,4,0.0
549681,4,0.0
549720,4,0.0
549746,4,4.440892098500626e-16
549754,4,0.0
549789,4,0.0
549797,4,0.0
549827,4,0.0
549860,4,0.0
549878,4,0.0
550019,4,0.0
550027,4,0.0
550051,4,0.0
550086,4,0.0
550108,4,0.0
550124,4,0.0
550132,4,0.0
550167,4,0.0
550183,4,0.0
550205,4,0.0
550213,4,0.0
550221,4,0.0
550230,4,0.0
550248,4,0.0
550264,4,0.0
550272,4,0.0
550299,4,0.0
550329,4,0.0
550345,4,0.0
550388,4,0.0
550418,4,0.0
550426,4,0.0
550434,4,0.0
550451,4,0.0
550469,4,0.0
550493,4,0.0
550507,4,0.0
550523,4,0.0
550531,4,0.0
550540,4,0.0
550558,4,0.0
550574,4,0.0
550710,4,6.938893903907228e-18
550728,4,0.0
550744,4,1.7763568394002505e-15
550752,1,3.0000000000220822e-06
550752,4,6.661338147750939e-16
550779,4,0.0
550787,1,0.0
550787,4,0.0
550825,4,0.0
550949,4,0.0
551333,4,0.0
551473,4,0.0
551490,4,0.0
551538,4,0.0
551562,4,0.0
551627,4,0.0
551643,4,0.0
551694,4,0.0
551724,4,0.0
551732,4,0.0
551741,1,0.0
551767,4,0.0
551791,4,0.0
551805,4,0.0
551911,4,0.0
551929,4,0.0
551945,4,0.0
551953,1,0.0
552046,4,1.4210854715202004e-14
552071,4,0.0
552089,4,0.0
552101,4,0.0
552151,4,0.0
552160,4,0.0
552178,4,0.0
552186,4,0.0
552208,4,0.0
552216,4,0.0
552232,4,0.0
552241,4,0.0
552259,4,0.0
552267,4,0.0
552283,4,3.3306690738754696e-16
552313,4,0.0
552348,4,0.0
552356,4,0.0
552372,1,0.0
552372,4,0.0
552402,4,0.0
552411,4,0.0
552445,4,0.0
552470,4,0.0
552488,4,0.0
552496,4,0.0
552569,4,0.0
552607,4,0.0
552615,4,0.0
552623,1,-8.881784197001252e-16
552623,4,0.0
552631,4,0.0
552658,4,2.220446049250313e-16
552674,4,0.0
552682,4,0.0
552721,4,0.0
552739,4,0.0
552780,4,0.0
552801,4,0.0
552828,4,0.0
552844,4,0.0
552879,4,0.0
552895,4,0.0
552909,4,0.0
552917,4,0.0
552992,4,0.0
553018,1,-4.440892098500626e-16
553018,4,0.0
553026,4,0.0
553051,4,0.0
553069,4,0.0
553131,1,-1.249000902703301e-16
553131,4,0.0
553140,4,0.0
553158,4,0.0
553204,4,0.0
553221,4,0.0
553239,4,0.0
553247,4,0.0
553263,4,0.0
553271,4,0.0
553301,4,0.0
553336,4,0.0
553344,4,0.0
553379,4,0.0
553417,1,0.0
553425,4,0.0
553450,4,0.0
553468,4,0.0
553476,4,0.0
553484,4,0.0
553492,4,0.0
553514,4,0.0
553531,4,0.0
553557,4,0.0
553671,4,0.0
553697,1,0.0
553697,4,0.0
553743,4,0.0
553760,4,0.0
553786,4,-1.3322676295501878e-15
553841,4,0.0
553891,4,0.0
553905,4,0.0
553948,4,0.0
553981,4,0.0
554057,4,0.0
554065,4,0.0
554073,4,0.0
554090,4,0.0
554111,4,0.0
554138,4,0.0
554146,4,0.0
554359,4,0.0
554383,4,0.0
554464,4,0.0
554481,4,1.1102230246251565e-15
554499,1,0.0
554499,4,0.0
554502,4,0.0
554511,4,0.0
554529,4,0.0
554545,4,0.0
554553,4,0.0
554618,4,0.0
554634,4,0.0
554642,4,0.0
554651,4,0.0
554677,4,0.0
554693,4,0.0
554782,1,-2.999999983543944e-06
554791,1,-3.552713678800501e-15
554791,4,0.0
554804,1,-8.88e-16
554812,4,0.0
554821,1,5.14518982974721e-15
554821,4,0.0
554863,4,0.0
554871,4,0.0
554936,4,0.0
554944,4,0.0
554952,4,0.0
555134,1,-5.551115123125783e-17
555169,4,0.0
555185,4,0.0
555207,4,0.0
555223,4,0.0
555231,4,0.0
555240,4,0.0
555258,4,0.0
555266,4,0.0
555312,4,0.0
555347,4,0.0
555363,4,0.0
555380,4,0.0
555398,4,0.0
555428,1,2.2648549702353193e-14
555452,4,0.0
555479,4,0.0
555525,4,0.0
555550,4,0.0
555584,4,0.0
555631,4,0.0
555762,4,0.0
555771,1,0.0
556041,4,0.0
556068,4,0.0
556181,4,0.0
556858,4,0.0
556955,4,0.0
556971,4,4.440892098500626e-16
556980,4,0.0
556998,4,0.0
557030,4,0.0
557102,4,0.0
557218,4,0.0
557382,4,0.0
557587,4,0.0
557641,4,0.0
557676,4,0.0
557731,4,0.0
557773,4,0.0
557838,4,0.0
557846,4,0.0
557951,4,0.0
558028,4,0.0
558044,4,0.0
558184,4,0.0
558249,1,2.0000072709080996e-09
558257,4,0.0
558346,4,0.0
558389,4,0.0
558460,4,0.0
558567,4,0.0
558583,4,0.0
558605,4,0.0
558745,4,0.0
558770,4,0.0
558796,4,0.0
558834,4,0.0
558851,4,0.0
558877,4,0.0
558885,4,0.0
558940,1,0.0
558940,4,0.0
558966,4,0.0
558974,4,0.0
559059,1,0.0
559067,4,0.0
559211,4,0.0
559261,4,0.0
559270,4,0.0
559288,4,0.0
559318,4,0.0
559491,4,0.0
559563,4,0.0
559580,4,0.0
559661,1,3.00000083441887e-07
559661,4,0.0
559679,1,-1.7763568394002505e-15
559695,4,0.0
559709,4,0.0
559717,1,5.551115123125783e-17
559717,4,1.5543122344752192e-15
559725,4,0.0
559750,4,0.0
559776,4,0.0
559792,4,0.0
559806,4,0.0
559814,4,0.0
559857,4,0.0
559911,4,0.0
560006,4,0.0
560014,1,0.0
560014,4,0.0
560057,4,0.0
560162,4,0.0
560286,4,0.0
560332,4,0.0
560375,4,0.0
560383,1,0.0
560413,4,0.0
560448,4,0.0
560456,4,0.0
560464,4,0.0
560472,1,-8.881784197001252e-16
560472,4,0.0
560499,4,0.0
560537,1,0.0
560537,4,0.0
560545,4,0.0
560588,4,0.0
560600,4,0.0
560642,4,0.0
560677,4,0.0
560685,4,0.0
560740,4,0.0
560758,4,0.0
560812,1,-5.551115123125783e-17
560863,4,0.0
560901,4,0.0
560928,4,0.0
561002,4,0.0
561053,4,0.0
561134,1,2.886579864025407e-15
561169,1,0.0
561169,4,0.0
561215,1,0.0
561215,4,0.0
561258,4,0.0
561380,1,0.0
561398,4,0.0
561410,4,0.0
561541,4,-1.1102230246251565e-16
561584,4,0.0
561681,4,-4.440892098500626e-16
561703,1,0.0
561703,4,0.0
561746,4,0.0
561797,4,0.0
561851,4,0.0
561886,4,0.0
561967,4,0.0
561983,4,0.0
562009,4,0.0
562050,4,0.0
562076,4,0.0
562092,4,0.0
562165,4,0.0
562220,4,0.0
562262,4,0.0
562297,4,0.0
562335,1,0.0
562351,4,-4.440892098500626e-16
562416,4,0.0
562467,4,0.0
562505,4,0.0
562581,4,0.0
562661,4,0.0
562718,4,0.0
562823,4,0.0
562882,4,0.0
562947,4,0.0
562971,1,0.0
562998,4,0.0
563013,4,0.0
563111,4,0.0
563137,4,0.0
563404,4,4.440892098500626e-16
563501,4,0.0
563510,1,0.0
563510,4,7.951972413877684e-15
563579,4,0.0
563633,4,0.0
563641,4,0.0
563692,4,0.0
563706,4,0.0
563790,4,0.0
563803,4,0.0
563871,4,-8.881784197001252e-16
563889,1,0.0
563901,4,0.0
563994,4,0.0
564087,4,0.0
564095,4,0.0
564109,4,0.0
564184,4,0.0
564290,4,-5.551115123125783e-17
564346,4,0.0
564354,4,0.0
564435,4,0.0
564532,4,0.0
564541,4,0.0
564613,4,0.0
564656,4,0.0
564681,4,0.0
564711,1,8.881784197001252e-16
564711,4,0.0
564761,4,0.0
564770,4,0.0
564818,4,0.0
564869,4,0.0
564877,4,0.0
564915,4,0.0
564923,4,0.0
564940,4,0.0
564974,4,0.0
564982,4,0.0
565016,4,0.0
565075,4,0.0
565091,4,0.0
565148,4,0.0
565211,4,0.0
565229,1,0.0
565253,4,0.0
565288,4,0.0
565644,4,0.0
565679,4,5.551115123125783e-17
565741,4,0.0
565831,4,0.0
565849,4,0.0
565857,4,0.0
565903,4,0.0
565911,4,0.0
565938,4,0.0
565946,4,0.0
565962,4,0.0
565997,4,0.0
566004,4,0.0
566012,4,0.0
566071,4,0.0
566144,4,0.0
566233,4,0.0
566241,4,0.0
566314,4,-1.1102230246251565e-16
566349,4,0.0
566454,4,0.0
566501,4,0.0
566527,4,0.0
566535,4,0.0
566560,4,0.0
566578,4,0.0
566624,4,0.0
566667,4,0.0
566713,4,0.0
566721,4,0.0
566799,4,0.0
566853,4,0.0
566896,4,0.0
566951,4,0.0
566977,4,0.0
567001,4,0.0
567027,1,-2.7755575615628914e-17
567027,4,0.0
567043,4,0.0
567141,4,0.0
567302,4,0.0
567477,4,0.0
567515,1,1.0658141036401503e-14
567523,4,0.0
567531,4,0.0
567582,4,0.0
567639,4,0.0
567655,4,0.0
567710,4,0.0
567787,4,0.0
567931,4,0.0
568015,4,0.0
568058,4,0.0
568091,4,0.0
568104,4,0.0
568147,4,0.0
568180,4,0.0
568201,4,0.0
568210,4,0.0
568228,4,0.0
568236,4,0.0
568244,4,0.0
568295,4,0.0
568309,4,0.0
568317,4,0.0
568333,4,0.0
568341,4,0.0
568350,4,0.0
568368,4,0.0
568392,4,0.0
568406,4,0.0
568414,1,0.0
568414,4,7.105427357601002e-15
568431,4,0.0
568481,4,0.0
568503,4,0.0
568511,4,0.0
568520,4,0.0
568538,4,0.0
568554,4,0.0
568601,4,0.0
568643,4,0.0
568660,4,0.0
568678,4,0.0
568686,1,0.0
568686,4,0.0
568708,4,0.0
568716,4,0.0
568732,4,0.0
568759,4,0.0
568775,4,0.0
568791,4,0.0
568813,4,0.0
568821,4,0.0
568872,4,0.0
568911,4,0.0
568929,4,0.0
568961,4,0.0
569003,4,0.0
569011,4,0.0
569038,4,0.0
569046,4,0.0
569062,4,0.0
569089,4,0.0
569101,4,0.0
569119,4,0.0
569135,4,0.0
569160,4,0.0
569178,4,0.0
569186,4,0.0
569216,4,0.0
569224,4,0.0
569259,4,0.0
569291,4,0.0
569321,4,0.0
569348,4,0.0
569356,4,0.0
569402,4,0.0
569437,4,0.0
569445,4,0.0
569453,4,0.0
569470,4,0.0
569518,4,0.0
569534,4,0.0
569585,4,0.0
569593,4,0.0
569615,4,0.0
569640,4,0.0
569658,4,0.0
569674,4,0.0
569691,4,0.0
569771,1,0.0
569798,4,0.0
569801,4,0.0
569810,1,-1.1221926166093965e-14
569810,4,0.0
569852,4,0.0
569879,4,0.0
569895,4,0.0
569968,4,0.0
570001,4,0.0
570061,4,0.0
570087,4,0.0
570109,4,0.0
570125,4,0.0
570133,4,0.0
570184,4,0.0
570206,4,0.0
570265,4,0.0
570303,1,0.0
570303,4,0.0
570311,4,0.0
570320,4,0.0
570346,4,0.0
570397,4,0.0
570435,4,0.0
570478,4,0.0
570494,4,0.0
570508,1,0.0
570516,4,0.0
570567,4,0.0
570672,4,0.0
570796,4,0.0
570826,4,0.0
570851,4,0.0
570877,4,0.0
570885,4,0.0
571008,4,0.0
571105,4,0.0
571113,4,0.0
571121,4,0.0
571164,4,0.0
571199,4,0.0
571245,4,0.0
571261,4,0.0
571288,4,0.0
571326,4,0.0
571342,4,0.0
571351,1,1.7763568394002505e-15
571351,4,0.0
571385,4,0.0
571431,4,0.0
571491,1,6.938893903907228e-18
571491,4,0.0
571504,4,0.0
571539,4,0.0
571628,4,0.0
571636,4,0.0
571717,4,0.0
571776,1,0.0
571776,4,0.0
571784,4,0.0
571792,4,0.0
571822,4,0.0
571873,4,0.0
571903,4,0.0
571911,1,0.0
571954,4,0.0
571962,4,0.0
572039,4,0.0
572071,1,-1.4210854715202004e-14
572071,4,0.0
572152,4,0.0
572179,4,0.0
572225,4,0.0
572241,4,0.0
572268,4,0.0
572276,4,0.0
572322,4,0.0
572349,4,0.0
572420,4,0.0
572446,4,0.0
572454,4,0.0
572471,4,0.0
572535,4,0.0
572560,4,0.0
572632,4,0.0
572691,1,0.0
572691,4,-6.661338147750939e-16
572829,4,0.0
572837,4,0.0
572900,4,0.0
572926,4,0.0
572969,4,0.0
573001,4,0.0
573060,4,0.0
573094,4,0.0
573116,4,0.0
573167,4,0.0
573205,4,0.0
573213,4,0.0
573299,4,4.440892098500626e-16
573469,4,0.0
573477,4,0.0
573540,4,0.0
573566,4,0.0
573582,4,0.0
573655,4,0.0
573809,4,0.0
573914,4,0.0
573922,1,3.552713678800501e-15
573922,4,0.0
573957,4,0.0
573990,1,0.0
573990,4,0.0
574040,4,0.0
574058,4,0.0
574112,4,0.0
574139,4,0.0
574155,4,0.0
574163,4,0.0
574180,4,0.0
574228,4,0.0
574261,4,0.0
574287,4,0.0
574295,4,0.0
574309,4,0.0
574317,4,0.0
574325,4,0.0
574350,4,0.0
574376,4,0.0
574384,4,0.0
574422,4,0.0
574431,4,0.0
574481,4,0.0
574490,4,0.0
574511,4,0.0
574546,4,0.0
574562,4,0.0
574571,4,0.0
574589,4,0.0
574635,4,0.0
574651,4,0.0
574660,4,0.0
574694,4,0.0
574708,4,0.0
574724,4,0.0
574767,4,0.0
574805,4,0.0
574856,4,0.0
574864,4,0.0
574929,4,0.0
574953,4,0.0
574988,4,0.0
575011,4,0.0
575054,4,0.0
575071,4,0.0
575089,4,0.0
575101,4,0.0
575372,4,0.0
575399,4,0.0
575429,4,0.0
575437,4,0.0
575534,4,0.0
575551,4,0.0
575593,1,0.0
575593,4,0.0
575607,4,0.0
575704,4,0.0
575721,4,0.0
575739,4,0.0
575771,4,0.0
575810,4,0.0
575844,4,0.0
575879,4,0.0
575925,4,0.0
575941,4,0.0
576000,4,0.0
576026,4,0.0
576069,1,0.0
576077,4,0.0
576093,4,0.0
576107,4,0.0
576123,4,0.0
576131,4,0.0
576166,4,0.0
576182,4,0.0
576191,4,0.0
576204,4,0.0
576221,4,0.0
576247,4,0.0
576301,4,4.440892098500626e-16
576336,4,0.0
576352,4,0.0
576361,4,0.0
576395,4,0.0
576409,4,0.0
576425,4,0.0
576450,4,0.0
576468,4,0.0
576476,4,0.0
576492,4,0.0
576549,4,0.0
576581,4,0.0
576603,4,0.0
576620,4,0.0
576662,4,2.220446049250313e-16
576671,4,0.0
576701,4,0.0
576727,4,0.0
576778,4,0.0
576786,4,0.0
576824,4,0.0
576832,4,0.0
576841,4,0.0
576859,4,-1.6653345369377348e-15
576875,4,0.0
576883,4,0.0
576948,4,0.0
576956,4,0.0
576981,4,0.0
576999,4,0.0
577057,4,0.0
577162,4,0.0
577294,4,2.220446049250313e-16
577308,4,0.0
577316,4,0.0
577341,4,0.0
577430,4,0.0
577456,4,0.0
577472,4,-4.440892098500626e-16
577529,4,-2.220446049250313e-16
577570,4,0.0
577642,4,0.0
577651,4,0.0
577669,4,0.0
577707,4,0.0
577731,1,0.0
577731,4,0.0
577774,4,0.0
577839,4,0.0
577871,4,0.0
577910,4,0.0
577928,4,0.0
577944,4,0.0
577961,4,0.0
577987,4,0.0
578002,4,0.0
578029,4,0.0
578096,4,0.0
578126,4,0.0
578134,4,0.0
578151,4,0.0
578193,4,0.0
578207,4,0.0
578231,4,-4.440892098500626e-16
578258,4,0.0
578274,4,0.0
578282,4,0.0
578304,4,0.0
578347,1,0.0
578347,4,0.0
578380,4,0.0
578401,4,0.0
578444,1,3.885780586188048e-16
578444,4,0.0
578479,4,0.0
578487,4,0.0
578509,4,0.0
578576,4,0.0
578584,4,0.0
578649,4,0.0
578657,4,0.0
578665,4,0.0
578673,4,0.0
578681,4,0.0
578711,1,0.0
578720,4,0.0
578754,4,0.0
578789,4,0.0
578827,4,0.0
578886,4,0.0
578908,4,0.0
579025,1,0.0
579041,1,0.0
579041,4,0.0
579050,4,0.0
579068,4,0.0
579106,4,0.0
579122,1,0.0
579190,4,0.0
579203,1,0.0
579211,4,0.0
579271,4,0.0
579297,4,0.0
579319,4,0.0
579327,4,0.0
579335,4,0.0
579378,4,0.0
579408,4,0.0
579459,4,0.0
579467,4,0.0
579491,4,0.0
579548,4,0.0
579556,4,0.0
579564,4,0.0
579629,4,0.0
579637,1,0.0
579742,4,0.0
579777,4,0.0
579785,4,0.0
579823,4,0.0
579831,4,0.0
579874,4,0.0
579891,4,0.0
579947,4,-4.440892098500626e-16
579963,4,0.0
579980,4,0.0
580031,4,0.0
580040,4,0.0
580058,1,0.0
580058,4,0.0
580074,4,0.0
580091,4,0.0
580112,4,0.0
580210,4,0.0
580261,4,0.0
580295,4,0.0
580325,4,0.0
580333,4,0.0
580341,4,0.0
580350,4,0.0
580376,4,0.0
580392,4,0.0
580431,1,0.0
580431,4,0.0
580465,4,0.0
580481,1,0.0
580490,4,0.0
580503,4,0.0
580511,4,0.0
580571,4,0.0
580627,4,2.220446049250313e-16
580635,4,0.0
580643,4,0.0
580651,4,0.0
580694,4,0.0
580759,4,0.0
580872,4,0.0
580929,4,0.0
580945,4,0.0
580961,4,0.0
581054,4,0.0
581062,4,0.0
581071,1,0.0
581071,4,0.0
581119,4,0.0
581151,4,0.0
581178,4,0.0
581186,1,1.4210854715202004e-14
581186,4,0.0
581208,4,0.0
581224,4,0.0
581275,4,0.0
581283,1,0.0
581283,4,0.0
581291,1,0.0
581321,4,0.0
581330,4,0.0
581372,1,2.059000367538033e-06
581372,4,0.0
581381,4,0.0
581470,4,0.0
581496,4,0.0
581542,4,0.0
581631,4,0.0
581739,4,0.0
581755,4,0.0
581780,4,0.0
581810,4,0.0
581861,4,0.0
581879,4,0.0
581909,4,0.0
581917,1,0.0
581917,4,0.0
581976,4,0.0
582042,4,0.0
582085,4,0.0
582115,4,0.0
582182,4,0.0
582191,4,0.0
582239,4,0.0
582247,4,0.0
582263,4,0.0
582271,4,0.0
582310,4,0.0
582328,4,0.0
582344,4,0.0
582395,4,0.0
582409,4,0.0
582417,4,0.0
582433,4,0.0
582441,4,0.0
582468,4,0.0
582573,4,0.0
582581,4,0.0
582590,4,0.0
582611,4,0.0
582620,4,0.0
582646,4,0.0
582654,4,0.0
582671,4,0.0
582689,4,0.0
582701,4,0.0
582727,4,0.0
582751,4,0.0
582786,1,1.6653345369377348e-15
582824,4,0.0
582832,4,0.0
582859,4,0.0
582883,4,0.0
582948,4,0.0
582964,4,0.0
583057,4,0.0
583120,4,0.0
583201,4,0.0
583227,4,0.0
583359,4,0.0
583367,4,0.0
583391,1,0.0
583391,4,0.0
583405,4,0.0
583421,4,0.0
583456,4,0.0
583499,4,0.0
583511,4,0.0
583545,4,0.0
583588,4,0.0
583596,4,0.0
583677,4,0.0
583693,4,0.0
583707,4,0.0
583715,4,0.0
583740,4,0.0
583774,4,0.0
583804,4,0.0
583855,4,0.0
583910,4,0.0
583944,4,0.0
583961,4,0.0
584002,4,-7.105427357601002e-15
584053,4,0.0
584142,4,0.0
584177,4,0.0
584215,4,0.0
584223,1,6.039613253960852e-14
584240,4,0.0
584339,4,0.0
584355,4,0.0
584380,4,0.0
584495,4,0.0
584576,4,0.0
584631,4,0.0
584681,4,0.0
584720,4,0.0
584801,4,0.0
584843,4,0.0
584894,4,0.0
584932,4,0.0
584975,4,0.0
585009,4,0.0
585017,4,0.0
585050,4,0.0
585068,1,0.0
585106,4,0.0
585114,4,0.0
585157,4,0.0
585190,4,0.0
585271,4,0.0
585327,4,0.0
585432,4,0.0
585483,4,0.0
585491,4,0.0
585513,4,0.0
585521,4,0.0
585530,4,0.0
585548,4,0.0
585556,4,0.0
585599,1,-1.3877787807814457e-17
585670,4,0.0
585726,4,0.0
585734,4,0.0
585751,4,0.0
585807,4,0.0
585831,4,0.0
585858,4,0.0
585882,4,0.0
585891,4,3.3306690738754696e-16
585912,4,0.0
585955,4,0.0
585963,4,0.0
585971,4,0.0
585980,4,0.0
585998,4,0.0
586021,4,0.0
586030,4,0.0
586048,4,0.0
586064,4,0.0
586081,4,0.0
586170,4,0.0
586234,4,0.0
586285,4,0.0
586323,4,0.0
586382,4,0.0
586412,4,0.0
586455,4,0.0
586501,4,0.0
586561,4,0.0
586609,4,0.0
586617,4,0.0
586625,4,0.0
586633,4,0.0
586641,4,0.0
586650,4,0.0
586676,4,0.0
586684,4,0.0
586722,4,0.0
586811,4,0.0
586820,4,0.0
586846,1,0.00014981299999872189
586846,4,7.105427357601002e-15
586862,4,0.0
586871,4,0.0
586901,4,0.0
586919,4,0.0
586943,1,-5.551115123125783e-17
586943,4,0.0
586960,4,0.0
586978,4,0.0
587001,4,0.0
587010,4,0.0
587028,4,0.0
587036,4,0.0
587044,4,0.0
587061,4,0.0
587087,4,0.0
587095,4,0.0
587125,4,0.0
587141,4,0.0
587168,4,0.0
587192,4,0.0
587249,4,0.0
587257,4,0.0
587290,4,0.0
587303,4,0.0
587346,4,0.0
587419,4,0.0
587435,4,8.881784197001252e-16
587460,4,0.0
587486,4,0.0
587508,4,0.0
587541,4,0.0
587559,4,0.0
587567,4,0.0
587575,4,0.0
587583,4,0.0
587591,4,0.0
587621,4,0.0
587681,4,0.0
587699,4,0.0
587711,1,1.3877787807814457e-17
587711,4,0.0
587729,4,0.0
587745,4,0.0
587761,4,0.0
587788,4,0.0
587800,4,0.0
587818,4,0.0
587842,4,0.0
587851,4,0.0
587885,4,0.0
587907,4,0.0
587923,4,0.0
587931,4,0.0
587958,4,0.0
588008,4,0.0
588024,4,0.0
588032,1,0.0
588032,4,-1.7763568394002505e-15
588041,4,0.0
588059,4,0.0
588075,4,0.0
588121,4,0.0
588181,4,0.0
588199,4,0.0
588211,4,0.0
588288,1,0.0
588288,4,0.0
588300,4,0.0
588318,4,0.0
588326,4,0.0
588385,4,0.0
588393,1,0.0
588393,4,0.0
588474,4,0.0
588491,4,0.0
588512,4,0.0
588521,4,0.0
588598,4,0.0
588601,4,0.0
588644,4,0.0
588652,4,0.0
588661,4,0.0
588695,4,0.0
588709,4,0.0
588717,4,0.0
588725,4,0.0
588741,4,0.0
588750,4,0.0
588784,4,0.0
588822,4,0.0
588849,4,0.0
588865,4,0.0
588873,4,0.0
588890,4,0.0
588920,4,0.0
588989,4,0.0
588997,4,0.0
589039,4,0.0
589136,4,0.0
589161,4,0.0
589195,4,0.0
589217,4,0.0
589233,4,0.0
589250,1,0.0
589331,4,0.0
589349,4,0.0
589381,4,0.0
589390,4,0.0
589438,4,0.0
589446,4,0.0
589462,4,0.0
589501,4,0.0
589527,4,0.0
589543,4,0.0
589560,4,0.0
589586,4,0.0
589594,4,0.0
589616,4,0.0
589632,4,0.0
589667,4,0.0
589705,4,0.0
589713,4,0.0
589721,4,0.0
589748,4,0.0
589756,1,0.0
589756,4,0.0
589764,1,0.0
589764,4,0.0
589837,4,0.0
589853,4,0.0
589870,4,0.0
589896,1,0.0
589926,1,0.0
589926,4,0.0
589934,4,0.0
589942,4,0.0
589951,4,0.0
589969,4,0.0
589977,4,0.0
589993,4,0.0
590002,4,0.0
590029,4,0.0
590100,4,0.0
590126,4,0.0
590134,4,0.0
590142,4,0.0
590177,4,0.0
590185,4,0.0
590193,4,0.0
590223,4,0.0
590240,4,0.0
590266,1,-2.42861286636753e-16
590266,4,1.85268467234323e-15
590282,4,0.0
590304,4,0.0
590312,4,0.0
590321,4,2.0816681711721685e-17
590363,4,0.0
590380,4,0.0
590401,1,0.0
590401,4,0.0
590410,4,0.0
590436,4,0.0
590444,4,0.0
590452,4,0.0
590509,4,0.0
590517,4,1.942890293094024e-16
590533,4,0.0
590550,4,0.0
590568,4,0.0
590576,4,0.0
590584,4,-1.3877787807814457e-17
590592,4,0.0
590631,4,0.0
590649,4,0.0
590657,4,0.0
590673,1,-5.551115123125783e-17
590673,4,0.0
590746,4,0.0
590754,1,-8.673617379884035e-18
590754,4,1.249000902703301e-16
590789,4,0.0
590797,4,0.0
590835,4,0.0
590843,4,6.938893903907228e-17
590860,4,0.0
590886,4,0.0
590916,4,0.0
590941,4,0.0
590967,4,0.0
590975,4,0.0
590983,4,0.0
591009,4,0.0
591041,4,0.0
591068,4,0.0
591149,4,0.0
591157,4,0.0
591173,1,0.0
591173,4,0.0
591181,4,0.0
591190,4,0.0
591211,1,1.5959455978986625e-16
591211,4,0.0
591220,4,0.0
591254,4,0.0
591262,4,0.0
591301,1,-1.5265566588595902e-16
591301,4,0.0
591360,4,0.0
591394,4,0.0
591424,4,0.0
591432,4,0.0
591441,4,0.0
591459,4,0.0
591548,4,-1.3877787807814457e-17
591556,4,0.0
591581,4,0.0
591611,4,0.0
591629,1,-4.163336342344337e-17
591629,4,4.440892098500626e-16
591637,4,0.0
591645,4,-6.938893903907228e-18
591688,4,0.0
591742,4,0.0
591769,1,0.0
591769,4,0.0
591785,4,0.0
591793,4,0.0
591807,4,0.0
591815,4,0.0
591831,4,0.0
591840,4,0.0
591858,4,0.0
591866,4,0.0
591874,4,0.0
591904,4,0.0
591939,4,0.0
591963,4,0.0
591998,1,0.0
591998,4,0.0
592005,1,-8.881784197001252e-16
592005,4,-1.199040866595169e-14
592013,4,0.0
592030,4,0.0
592048,4,3.3393426912553537e-16
592056,4,0.0
592064,4,0.0
592072,4,0.0
592081,4,0.0
592099,4,0.0
592102,4,0.0
592111,4,0.0
592137,4,0.0
592145,4,0.0
592170,4,0.0
592200,4,0.0
592234,4,0.0
592277,4,0.0
592293,4,0.0
592323,4,0.0
592391,4,0.0
592421,4,0.0
592439,4,0.0
592447,4,0.0
592455,4,0.0
592463,4,0.0
592480,4,0.0
592501,4,0.0
592510,4,0.0
592536,1,0.0
592536,4,0.0
592561,4,0.0
592609,4,0.0
592641,4,0.0
592676,4,0.0
592722,4,0.0
592731,4,0.0
592781,4,0.0
592790,4,0.0
592820,4,0.0
592846,1,0.0
592846,4,0.0
592862,4,0.0
592889,4,0.0
592943,4,0.0
593001,4,0.0
593061,4,0.0
593079,4,0.0
593117,1,0.0
593125,4,0.0
593222,4,0.0
593273,4,0.0
593338,4,0.0
593354,4,0.0
593427,4,0.0
593478,4,0.0
593524,4,0.0
593532,4,0.0
593559,4,0.0
593583,1,0.0
593583,4,0.0
593605,4,0.0
593630,4,0.0
593656,4,0.0
593699,4,0.0
593702,4,0.0
593711,1,1.1102230246251565e-15
593711,4,0.0
593737,4,0.0
593753,4,0.0
593770,4,0.0
593796,4,0.0
593818,4,0.0
593826,4,0.0
593834,4,0.0
593851,4,0.0
593893,4,0.0
593907,4,0.0
593966,4,0.0
593982,4,0.0
593991,4,0.0
594008,4,0.0
594024,4,0.0
594032,4,0.0
594041,4,0.0
594059,4,0.0
594067,4,0.0
594075,4,0.0
594083,4,0.0
594091,4,0.0
594121,4,0.0
594156,4,0.0
594164,4,0.0
594172,4,0.0
594181,4,0.0
594199,4,0.0
594202,4,0.0
594211,4,0.0
594229,4,0.0
594253,4,0.0
594261,4,0.0
594270,4,0.0
594300,4,0.0
594318,4,0.0
594326,4,0.0
594342,4,0.0
594393,4,0.0
594407,4,0.0
594415,4,0.0
594431,4,0.0
594440,4,0.0
594555,4,0.0
594571,4,0.0
594598,4,0.0
594628,4,0.0
594636,4,0.0
594644,4,0.0
594652,4,0.0
594679,4,0.0
594709,4,0.0
594725,4,0.0
594733,4,0.0
594741,4,0.0
594750,4,0.0
594776,4,0.0
594784,4,0.0
594792,4,0.0
594806,4,0.0
594822,4,0.0
594849,4,0.0
594865,4,0.0
594873,4,0.0
594881,4,0.0
594890,4,0.0
594911,4,0.0
594938,4,0.0
594971,4,0.0
594997,4,0.0
595021,4,0.0
595039,4,0.0
595055,4,0.0
595098,4,0.0
595101,4,0.0
595110,4,0.0
595136,4,0.0
595144,4,0.0
595152,4,0.0
595187,4,0.0
595209,1,2.1371793224034263e-15
595209,4,0.0
595241,4,0.0
595284,4,0.0
595292,4,0.0
595314,4,0.0
595322,4,0.0
595357,4,0.0
595411,1,0.0
595411,4,0.0
595454,4,0.0
595489,4,0.0
595551,4,0.0
595624,4,0.0
595641,4,0.0
595659,4,0.0
595713,4,0.0
595756,4,0.0
595772,4,0.0
595837,4,0.0
595861,4,0.0
595888,4,0.0
595926,4,0.0
595969,4,0.0
595977,4,0.0
596035,4,0.0
596051,4,0.0
596086,4,0.0
596094,4,0.0
596116,4,0.0
596132,4,0.0
596141,4,0.0
596175,4,0.0
596183,4,0.0
596191,4,0.0
596230,1,0.0
596256,4,0.0
596281,4,0.0
596302,4,0.0
596337,4,0.0
596345,4,0.0
596370,4,0.0
596485,4,0.0
596574,4,0.0
596604,4,0.0
596612,4,0.0
596647,4,0.0
596655,4,0.0
596671,4,0.0
596701,4,0.0
596728,4,0.0
596744,4,0.0
596809,4,0.0
596825,1,0.0
596868,4,0.0
596884,4,0.0
596914,4,0.0
596949,4,0.0
596957,4,0.0
597007,4,0.0
597040,4,0.0
597058,4,0.0
597139,4,0.0
597155,4,0.0
597180,1,0.0
597210,4,0.0
597228,4,0.0
597252,4,0.0
597287,4,0.0
597341,4,0.0
597368,4,0.0
597392,4,0.0
597414,4,0.0
597449,4,0.0
597481,4,0.0
597546,4,0.0
597571,4,0.0
597589,4,0.0
597678,4,0.0
597686,4,0.0
597724,4,0.0
597783,4,0.0
597813,4,0.0
597821,4,0.0
597881,4,0.0
597937,4,0.0
597945,4,0.0
597988,4,0.0
598011,4,0.0
598020,4,0.0
598038,4,0.0
598178,4,0.0
598259,4,0.0
598291,4,0.0
598313,4,0.0
598348,4,0.0
598356,4,0.0
598364,4,0.0
598399,4,0.0
598429,4,0.0
598445,4,0.0
598461,4,0.0
598526,4,0.0
598542,4,0.0
598569,4,0.0
598623,4,0.0
598691,4,0.0
598721,4,0.0
598739,4,0.0
598755,4,0.0
598798,1,0.0
598798,4,0.0
598810,1,0.0
598836,4,0.0
598844,4,0.0
598879,1,1.1102230246251565e-16
598879,4,0.0
598933,4,0.0
598941,4,-4.440892098500626e-16
599051,1,0.0
599085,1,0.0
599107,4,0.0
599191,1,0.0
599191,4,7.993605777301127e-15
599221,4,0.0
599247,1,0.0
599247,4,0.0
599301,4,0.0
599352,4,0.0
599409,4,0.0
599417,4,0.0
599433,4,0.0
599468,4,0.0
599492,4,0.0
599506,4,0.0
599549,4,0.0
599565,4,0.0
599603,4,0.0
599620,4,0.0
599638,4,0.0
599646,4,0.0
599689,4,0.0
599697,4,0.0
599701,4,0.0
599719,4,0.0
599735,4,0.0
599743,4,0.0
599760,4,0.0
599808,4,0.0
599867,4,0.0
599905,4,0.0
599921,4,0.0
599930,4,0.0
