Evident,Evident_TypSubjektu,Novy
500496,1,1.2906342661267445e-15
503304,4,4.440892098500626e-16
505587,4,3.552713678800501e-15
505650,4,-3.1086244689504383e-15
505927,1,-1.7763568394002505e-15
507016,1,6.938893903907228e-18
507113,1,7.105427357601002e-15
507237,4,-2.220446049250313e-16
513644,4,-1.1102230246251565e-16
517844,4,5.551115123125783e-17
531057,4,-1.7763568394002505e-15
531243,4,-8.881784197001252e-16
531561,4,2.7755575615628914e-16
534005,4,-4.440892098500626e-16
534633,1,-1.1102230246251565e-16
534773,4,-1.1102230246251565e-16
534951,1,3.2751579226442118e-15
535087,1,-4.440892098500626e-15
535419,4,2.220446049250313e-15
535451,4,3.552713678800501e-15
535702,4,-1.1102230246251565e-15
538451,4,2.220446049250313e-16
538655,4,1.1102230246251565e-16
538973,4,2.7755575615628914e-17
539228,4,-4.440892098500626e-16
539309,4,8.881784197001252e-16
539805,4,4.440892098500626e-16
540862,1,-1.1102230246251565e-16
541834,4,-8.881784197001252e-16
544477,1,-2.893241202173158e-13
544752,4,-9.367506770274758e-17
545830,1,1.3877787807814457e-17
545881,1,5.551115123125783e-17
546127,1,1.4432899320127035e-15
546917,4,1.1102230246251565e-16
547492,1,-1.7763568394002505e-15
549240,4,8.881784197001252e-15
549746,4,4.440892098500626e-16
550710,4,6.938893903907228e-18
550744,4,1.7763568394002505e-15
550752,1,3.0000000000220822e-06
550752,4,6.661338147750939e-16
552046,4,1.4210854715202004e-14
552283,4,3.3306690738754696e-16
552623,1,-8.881784197001252e-16
552658,4,2.220446049250313e-16
553018,1,-4.440892098500626e-16
553131,1,-1.249000902703301e-16
553786,4,-1.3322676295501878e-15
554481,4,1.1102230246251565e-15
554782,1,-2.999999983543944e-06
554791,1,-3.552713678800501e-15
554804,1,-8.88e-16
554821,1,5.14518982974721e-15
555134,1,-5.551115123125783e-17
555428,1,2.2648549702353193e-14
556971,4,4.440892098500626e-16
558249,1,2.0000072709080996e-09
559661,1,3.00000083441887e-07
559679,1,-1.7763568394002505e-15
559717,1,5.551115123125783e-17
559717,4,1.5543122344752192e-15
560472,1,-8.881784197001252e-16
560812,1,-5.551115123125783e-17
561134,1,2.886579864025407e-15
561541,4,-1.1102230246251565e-16
561681,4,-4.440892098500626e-16
562351,4,-4.440892098500626e-16
563404,4,4.440892098500626e-16
563510,4,7.951972413877684e-15
563871,4,-8.881784197001252e-16
564290,4,-5.551115123125783e-17
564711,1,8.881784197001252e-16
565679,4,5.551115123125783e-17
566314,4,-1.1102230246251565e-16
567027,1,-2.7755575615628914e-17
567515,1,1.0658141036401503e-14
568414,4,7.105427357601002e-15
569810,1,-1.1221926166093965e-14
571351,1,1.7763568394002505e-15
571491,1,6.938893903907228e-18
572071,1,-1.4210854715202004e-14
572691,4,-6.661338147750939e-16
573299,4,4.440892098500626e-16
573922,1,3.552713678800501e-15
576301,4,4.440892098500626e-16
576662,4,2.220446049250313e-16
576859,4,-1.6653345369377348e-15
577294,4,2.220446049250313e-16
577472,4,-4.440892098500626e-16
577529,4,-2.220446049250313e-16
578231,4,-4.440892098500626e-16
578444,1,3.885780586188048e-16
579947,4,-4.440892098500626e-16
580627,4,2.220446049250313e-16
581186,1,1.4210854715202004e-14
581372,1,2.059000367538033e-06
582786,1,1.6653345369377348e-15
584002,4,-7.105427357601002e-15
584223,1,6.039613253960852e-14
585599,1,-1.3877787807814457e-17
585891,4,3.3306690738754696e-16
586846,1,0.00014981299999872189
586846,4,7.105427357601002e-15
586943,1,-5.551115123125783e-17
587435,4,8.881784197001252e-16
587711,1,1.3877787807814457e-17
588032,4,-1.7763568394002505e-15
590266,1,-2.42861286636753e-16
590266,4,1.85268467234323e-15
590321,4,2.0816681711721685e-17
590517,4,1.942890293094024e-16
590584,4,-1.3877787807814457e-17
590673,1,-5.551115123125783e-17
590754,1,-8.673617379884035e-18
590754,4,1.249000902703301e-16
590843,4,6.938893903907228e-17
591211,1,1.5959455978986625e-16
591301,1,-1.5265566588595902e-16
591548,4,-1.3877787807814457e-17
591629,1,-4.163336342344337e-17
591629,4,4.440892098500626e-16
591645,4,-6.938893903907228e-18
592005,1,-8.881784197001252e-16
592005,4,-1.199040866595169e-14
592048,4,3.3393426912553537e-16
593711,1,1.1102230246251565e-15
595209,1,2.1371793224034263e-15
598879,1,1.1102230246251565e-16
598941,4,-4.440892098500626e-16
599191,4,7.993605777301127e-15
