Evident,Evident_TypSubjektu,ZmenaMnozstvi
500071,4,0.0
500496,1,0.0
504785,4,0.0
505145,1,0.0
505188,1,0.0
505269,4,0.0
505528,1,0.0
505927,1,0.0
506737,1,0.0
507016,1,-3.999994078185409e-06
507113,1,0.0
507181,1,0.0
507971,1,0.0
508128,1,0.0
508501,4,0.0
510891,1,0.0
511382,1,0.0
512923,1,0.0
513491,4,0.0
513504,4,0.0
513733,1,0.0
513750,1,0.0
513768,4,0.0
514055,1,0.0
514055,4,0.0
514705,1,0.0
517151,4,0.0
523704,1,0.0
528196,4,0.0
529303,1,0.0
529303,4,0.0
529729,4,0.0
529991,4,0.0
530085,4,0.0
530123,4,0.0
530263,1,0.0
530310,1,0.0
530310,4,0.0
530433,4,0.0
530441,4,0.0
530506,4,0.0
531057,1,0.0
531057,4,0.001949999998032581
531138,1,0.0
531171,4,0.0
531189,1,0.0
531189,4,0.0
531201,4,-0.0010000000002037268
531456,4,0.0029999999999290594
531545,4,0.0
531642,4,-0.003999999999990678
531685,4,0.0
531715,4,-0.00200000000018008
531723,1,0.0
531723,4,0.0
531740,4,0.0
531855,4,-0.0039999999999054126
531910,4,-0.0009999999999763531
531961,4,0.0
532029,1,0.0
532053,1,0.0
532053,4,0.0
532142,4,0.0
532215,4,0.0
532347,4,0.0
532355,4,0.0
532371,4,0.0
532410,4,0.0
532444,4,0.0
532452,1,0.0
532452,4,0.0
532576,1,0.0
532789,4,0.0
532835,4,0.0
532860,4,0.0
532983,4,0.0
532991,4,0.0
533041,4,0.0
533165,1,0.0
533203,4,0.0
533246,4,0.0
533262,4,0.0
533271,1,0.0
533271,4,0.0
533581,4,0.0
533629,4,0.0
533696,4,0.0
533718,4,0.0
533912,4,0.0
533921,1,0.0
533939,4,-0.0049999999999954525
533955,1,0.0
533955,4,0.0
534005,1,0.0
534005,4,0.0
534030,4,0.0
534099,4,0.0
534102,4,0.0
534129,4,0.0
534145,4,0.0
534188,4,0.0
534226,4,0.0
534269,4,0.0
534277,4,0.0
534285,4,-0.005000000000109139
534358,4,0.0
534374,4,0.0
534382,4,0.0
534412,4,0.0
534498,1,0.0
534498,4,0.0
534528,4,0.0
534587,4,0.0
534609,4,0.0
534633,4,0.0
534650,4,0.0
534676,1,0.0
534676,4,0.0
534927,4,0.0
534943,4,0.0
534951,1,0.0
534951,4,0.0
535010,4,0.0
535028,4,0.0
535044,4,0.0
535079,4,0.0
535087,4,0.0
535168,4,0.0
535176,1,0.0
535176,4,0.0
535222,4,0.0
535249,4,0.0
535346,4,0.0
535362,1,0.0
535419,1,0.0
535427,1,0.0
535443,4,0.0
535451,1,0.0
535494,4,0.0
535672,4,0.0
535753,1,0.0
535753,4,0.0
535788,1,0.0
535796,4,0.0
535800,1,0.0
535800,4,0.0
535826,4,0.0
535842,1,0.0
535842,4,0.0
535991,4,0.0
536105,4,0.0
536156,4,0.0
536288,4,0.0
536326,1,0.0
536326,4,0.0
536385,1,0.0
536393,4,0.0
536601,4,0.0
537004,1,0.0
537004,4,0.0
537152,4,0.0
537233,4,0.0
537411,4,0.0
537454,1,0.0
537721,4,0.0
537926,1,0.0
537969,1,0.0
538094,4,0.0
538132,4,0.0
538141,1,0.0
538191,4,0.0
538272,4,0.0
538337,4,0.0
538442,4,0.0
538485,4,0.0
538507,4,0.0
538612,4,0.0
538680,4,0.0
538809,1,0.0
538914,4,0.0
538922,4,0.0
538957,4,0.0
538965,4,0.0
539023,1,0.0
539058,4,0.0
539163,4,0.0
539171,1,0.0
539244,1,0.0
539295,1,0.0
539309,4,0.0
539643,4,0.0
539767,1,0.0
539813,1,0.0
539813,4,0.0
539911,1,-2.7284841053187847e-12
540013,1,0.0
540013,4,0.0019999999985884642
540102,4,0.0
540111,4,0.0
540153,4,-0.0029999999997016857
540170,4,-0.0009999999992942321
540188,4,0.0
540218,4,0.0
540242,4,-0.004999999999654392
540315,4,-0.003000000000156433
540439,4,0.0
540625,4,0.00200000000018008
540765,1,0.0
540854,4,0.0
540862,1,0.0
540901,4,0.0009999999999763531
540943,4,0.0009999999999763531
541052,4,-0.0009999999999763531
541117,1,0.0
541168,4,0.0
541231,4,-0.003020000000105938
541265,1,0.0
541281,4,0.0
541354,1,0.0
541354,4,0.0
541478,4,0.0
541516,4,0.0
541541,4,-0.00400000000036016
541567,4,-0.00200000000018008
541583,4,-0.0029999999999290594
541630,1,0.0
541656,1,0.0
541656,4,0.0
541699,4,0.0
541745,4,0.0
541877,4,0.0
541885,4,0.0
541991,4,0.0
542024,4,0.0
542067,4,0.0
542164,1,0.0
542164,4,0.0
542202,1,0.0
542466,4,0.0
542539,4,0.0
542784,4,0.0
542989,4,0.0
544256,1,-4.786215868080035e-11
544256,4,0.0
544281,1,0.0
544345,4,0.0
544353,4,0.0
544388,4,0.0
544477,1,-0.005000000448490027
544493,4,0.0
544558,1,0.0
544558,4,0.0
544566,4,0.0
544663,4,0.0
544736,4,0.0
544779,1,0.0
544779,4,0.0
544809,4,0.0
544868,4,0.0
545058,1,0.0
545058,4,0.0
545074,4,0.0
545171,4,0.0
545201,4,0.0
545228,4,0.0
545236,1,0.0
545236,4,0.0
545261,4,0.0
545341,4,0.0
545384,4,0.0
545449,1,0.0
545473,1,0.0
545473,4,0.0
545511,1,0.0
545511,4,0.0
545520,1,0.0
545520,4,2.2737367544323206e-13
545554,4,0.0
545821,1,0.0
545821,4,0.0
545830,1,0.0
545872,4,0.0
545881,1,0.0
545881,4,0.0
545953,4,0.0
546542,1,0.0
546542,4,0.0
546593,1,0.0
546593,4,0.0
546607,4,0.0
546615,1,0.0
546615,4,0.0
546631,4,0.0
546674,1,0.0
546674,4,0.0
546879,4,0.0
547000,1,0.0
547221,1,0.0
547280,1,0.0
547280,4,0.0
547336,1,0.0
547450,4,0.0
548031,4,0.0
548511,1,0.0
548511,4,0.0
549240,1,0.0
549428,4,0.0
549444,4,0.0
549576,1,0.0
549592,4,0.0020000000004074536
549614,4,-0.0029999999999290594
549827,1,0.0
550035,4,0.0
550647,4,0.0
550728,4,0.0
550744,1,0.0
550744,4,0.0
550752,1,0.0
550752,4,0.0
550787,1,0.0
550795,1,0.0
550817,4,0.0020000000004074536
550850,1,0.0
550949,4,0.0
550965,4,0.0
551023,4,0.0
551180,4,0.0
551350,4,-0.0009999999999763531
551791,4,0.0
551953,1,0.0
552046,1,0.0
552054,4,0.0
552461,4,0.0
552623,1,0.0
552666,1,0.0
552704,4,0.0
552780,1,0.0
553018,1,0.0
553018,4,0.0
553131,1,0.0
553417,1,0.0
553425,1,0.0
553476,4,0.0
553581,4,0.0
553671,1,0.0
553689,4,0.0
553697,1,0.0
553727,4,0.0
553794,1,0.0
553794,4,0.0
553816,4,0.0
553867,4,0.0
553913,4,0.0
553921,4,0.0
554120,4,0.0
554316,1,0.0
554359,1,0.0
554481,1,0.0
554529,1,0.0
554740,4,0.0
554782,1,7.275957614183426e-12
554782,4,0.0
554791,1,0.0
554791,4,0.0
554804,1,0.0
554804,4,0.0
554812,1,0.0
554821,1,1.00000761449337e-06
554871,1,0.0
554898,1,0.0
554901,1,0.0
554944,1,0.0
554961,1,0.0
554961,4,-7.96e-12
555045,4,0.0
555134,1,4.0000013541430235e-06
555215,4,0.0
555240,4,0.0
555428,1,0.0004350002934643271
555428,4,0.0
555690,1,0.0
555771,1,0.0
555771,4,0.0
555797,4,0.0
555835,4,0.0
555894,4,0.0
556076,4,0.0
556084,4,0.0
556106,4,0.0
556203,4,0.0
556254,1,0.0
556254,4,0.0
556301,4,0.0
556319,4,0.0
556378,4,0.0
556394,4,0.0
556432,1,0.0
556432,4,0.0
556467,4,0.0
556726,4,0.0
556751,4,-4.547473508864641e-13
556815,4,0.0
556831,4,0.0
556921,4,0.0
556955,1,0.0
556955,4,0.0
556963,4,0.0
557005,4,0.0
557013,4,0.0
557021,4,0.0
557099,4,0.0
557111,4,0.0
557129,4,0.0
557137,1,0.0
557137,4,0.0
557153,1,0.0
557153,4,0.0
557200,4,0.0
557366,4,0.0
557455,4,0.0
557463,4,0.0
557536,4,0.0
557544,4,0.0
557676,1,0.0
557749,4,0.0
557781,4,0.0
558052,4,0.0
558061,4,0.0039999999999054126
558141,4,0.0
558249,1,0.0
558303,4,0.0
558389,1,0.0
558419,1,0.0
558559,4,0.0
558630,4,0.0
558940,1,0.0
559008,4,0.0
559075,4,0.0
559130,4,0.0
559164,1,0.0
559172,4,0.0
559300,4,0.0
559334,4,0.0
559482,1,0.0
559504,1,0.0
559504,4,0.0
559521,4,0.0
559555,4,0.0
559679,1,0.0
559717,1,0.0
559822,4,0.0
559857,4,0.0
559903,4,0.0
559997,4,0.0
560014,1,0.0
560294,1,0.0
560294,4,0.0
560367,1,0.0
560367,4,0.0
560383,1,0.0
560383,4,0.0
560472,1,0.0
560502,1,0.0
560570,4,0.0
560715,1,0.0
560715,4,0.0
561380,4,0.0
561479,4,0.0
561495,1,0.0
561495,4,0.0
561631,4,0.0
561703,1,0.0
561835,4,0.0
561860,4,0.0
561878,4,0.0
562017,1,0.0
562017,4,0.0
562076,4,0.0
562157,4,-0.004000000000132786
562335,1,0.0
562335,4,0.0
562394,4,0.0
562441,4,0.0
562530,4,0.0
562564,4,0.0
562581,4,0.0
562599,4,0.0
562611,4,0.0
562688,4,0.0
562751,4,0.0
562777,4,0.0
562793,4,0.0
562882,1,0.0
562912,4,0.0
562971,1,2.9999957404935884e-06
562971,4,0.0
563081,4,0.0
563099,4,0.0
563102,1,0.0
563102,4,0.0
563129,4,0.0
563285,4,0.0
563307,1,0.0
563501,1,0.0
563510,1,0.0
563552,4,0.0
563668,4,0.0
563714,4,0.0
563731,4,0.0
563749,4,0.0
563757,4,0.0
563781,4,0.0
563811,4,0.0
563820,4,0.0
563838,4,0.0
563846,4,0.0
563854,4,0.0
563889,1,1.8189894035458565e-12
563889,4,0.0
563901,4,0.0
563919,4,0.0
563935,4,0.0
563960,1,0.0
563960,4,0.0
564028,1,0.0
564028,4,0.0
564036,4,0.0
564044,4,0.0
564061,4,0.0
564109,4,0.0
564117,1,0.0
564117,4,0.0
564168,4,0.0
564206,4,0.0
564214,4,0.0049999999999954525
564249,1,-0.002953999995952472
564265,4,0.0
564281,4,0.0
564303,4,0.0
564311,4,0.0
564371,1,0.0
564371,4,0.0
564397,1,0.0
564460,4,0.0
564486,4,0.003000000000156433
564494,1,0.00039999978616833687
564494,4,0.0
564567,1,0.0
564567,4,0.0
564591,1,0.0
564591,4,-9.094947017729282e-13
564711,1,0.0
564711,4,0.0
564851,1,0.0
564851,4,0.0
564877,4,0.0
565024,4,0.0
565067,1,0.0
565067,4,0.0
565164,4,0.0
565229,1,0.0
565229,4,0.0
565237,4,0.0
565300,4,0.0
565415,4,0.0
565431,4,0.0
565555,4,0.0
565610,1,0.0
565610,4,0.0
565709,1,0.0
565709,4,0.0
565717,1,0.0
565717,4,0.0
565814,1,0.0
565814,4,0.0
565849,4,0.0
565881,4,0.0
565971,4,0.0
566179,4,0.0
566438,4,0.0
566616,4,0.0
566683,4,0.0
566934,1,0.0
566985,1,0.0
567027,1,0.0
567027,4,0.0
567043,1,0.0
567141,1,0.0
567175,1,0.0
567221,1,0.0
567256,1,0.0
567256,4,0.0
567264,4,0.0
567311,4,0.0
567442,1,0.0
567442,4,0.0
567451,4,0.0
567485,4,0.0
567507,4,0.0
567515,1,-0.00020000030053779483
567515,4,0.0
567621,4,0.0
567639,4,0.0
567647,4,0.0
567710,1,0.0
567752,4,0.0
567779,1,0.0
567779,4,0.0
567841,4,0.0
568007,4,0.0
568015,4,0.0
568023,4,0.0
568309,1,0.0
568414,1,0.0
568546,4,0.0
568651,4,0.0
568694,4,0.0
568945,4,0.0
569321,4,0.0
569569,1,0.0
569569,4,0.0
569771,1,-1.4551915228366852e-11
569810,1,9.00006853044033e-06
570109,1,0.0
570303,1,0.0
570427,1,0.0
570451,1,0.0
570788,4,0.0
570869,1,0.0
570923,4,0.0
571164,1,0.0
571164,4,0.0
571211,4,0.0
571351,1,0.0
571385,1,0.0
571385,4,0.0
571393,1,0.0
571393,4,0.0
571491,4,0.0
571547,4,0.0
571661,1,0.0
571776,4,0.0
571911,1,0.0
572071,1,0.0
572071,4,0.0
572101,1,0.0
572241,1,0.0
572241,4,0.0
572268,1,0.0
572454,4,0.0
572659,4,0.0
572926,4,0.0
573060,4,0.0
573108,4,0.0
573116,4,0.0
573124,4,0.0
573248,1,0.0
573248,4,0.0
573493,4,0.0
573701,4,0.0
573817,4,0.0
573825,4,0.0
573922,1,0.0
573973,4,0.0
574015,4,0.0
574023,4,0.0
574121,4,0.0
574279,4,0.0
574406,4,0.0
574481,4,0.0
574848,4,0.0
574953,4,0.0
574988,1,0.0
574988,4,0.0
574996,4,0.0
575577,4,0.0
575640,4,0.0
576026,1,0.0
576069,1,0.0
576069,4,0.0
576077,1,0.0
576204,4,0.0
576212,4,0.0
576263,4,0.0
576271,1,0.0
576271,4,0.0
576476,1,0.0
576476,4,0.0
576573,4,0.0
576590,4,0.0
576654,4,0.0
576662,4,0.0
576751,4,0.0
576808,4,0.0
576859,1,0.0
576859,4,0.0
576891,4,0.0
576921,1,0.0
576921,4,0.0
576964,4,0.0
577120,4,0.0
577154,4,0.0
577162,4,0.0
577197,4,0.0
577235,1,0.0
577308,1,0.0
577413,4,0.0
577626,4,0.0
577707,4,0.0
577731,1,0.0
577731,4,0.0
578151,1,0.0
578193,1,0.0
578347,1,0.0
578355,4,0.0
578436,4,0.0
578444,1,-4.7000000000352316e-05
578487,1,0.0
578495,4,0.0
578533,4,0.0
578681,4,0.0
578762,1,0.0
579025,1,0.0
579041,1,0.0
579203,1,0.0
579378,1,0.0
579637,1,0.0
579858,1,0.0
579858,4,0.0
579891,1,0.0
579971,4,0.0
580031,1,0.0
580031,4,0.0
580058,1,0.0
580121,1,0.0
580121,4,0.0
580325,4,0.0
580481,1,0.0
580511,1,0.0
580511,4,0.0
580538,1,0.0
580538,4,0.0
580589,4,0.0
580848,4,0.0
581071,1,0.0
581186,1,0.0
581186,4,0.0
581259,1,0.0
581259,4,0.0
581283,1,0.0
581372,1,0.0
581429,4,0.0
581682,4,0.0
581739,4,0.0
581917,1,3.999997716164216e-06
581917,4,0.0
581950,4,0.0
582069,4,0.0
582166,4,0.0
582191,4,0.0
582247,4,0.0
582310,1,0.0
582352,4,0.0
582417,4,0.0
582484,4,0.0
582786,1,0.0
582786,4,0.0
582913,1,0.0
582972,1,0.0
583189,1,0.0
583189,4,0.0
583219,4,0.0
583251,1,0.0
583383,1,0.0
583383,4,0.0
583391,1,0.0
583561,1,0.0
583634,1,0.0
583669,4,0.0
583715,1,0.0
583731,4,0.0
583839,1,0.0
583898,1,0.0
583898,4,0.0
583936,1,0.0
583936,4,0.0
583952,1,0.0
583979,4,0.0
583987,4,0.0
583995,1,0.0
584045,4,0.0
584126,1,0.0
584207,4,0.0
584223,4,0.0
584321,4,0.0
584363,4,0.0
584444,1,0.0
584517,1,0.0
584517,4,0.0
584541,1,0.0
584584,4,0.0
584649,1,-9.094947017729282e-13
584649,4,0.0
584762,1,0.0
584789,1,0.0
584801,1,0.0
584819,4,0.0
585017,1,0.0
585068,1,0.0
585068,4,0.0
585181,4,0.0
585289,4,0.0
585467,4,0.0
585599,1,0.0
585777,4,0.0
586021,1,0.0
586170,1,0.0
586170,4,0.0
586374,4,0.0
586412,1,0.0
586480,4,0.0
586528,4,0.0
586552,4,0.0
586668,1,0.0
586706,4,0.0
586811,1,0.0
586846,1,0.0
588296,1,0.0
588458,1,0.0
588458,4,0.0
588491,1,0.0
588644,1,0.0
588725,4,0.0
589195,1,0.0
589225,4,0.0
589250,1,0.0
589250,4,0.0
589357,4,0.0
589390,1,0.0
589489,4,0.0
589624,1,0.0
589632,1,0.0
589632,4,0.0
589659,4,0.0
589713,4,0.0
589730,1,0.0
589756,1,0.0
589764,1,0.0
589772,4,0.0
589926,1,0.0
589926,4,0.0
591181,1,0.0
591181,4,0.0
592005,1,0.0
592005,4,0.0
592030,4,0.0
592081,4,0.0
592293,4,0.0
592404,4,0.0
592421,1,0.0
592650,4,0.0
592731,1,0.0
592731,4,0.0
592749,4,0.0
592790,1,0.0
592889,1,0.0
592901,1,0.0
592919,1,0.0
592919,4,0.0
592927,1,0.0
592943,1,0.0
592986,1,0.0
592994,1,0.0
593001,1,0.0
593028,4,0.0
593044,1,0.0
593079,1,0.0
593117,1,0.0
593150,1,0.0
593222,1,0.0
593371,1,0.0
593397,4,0.0
593478,4,0.0
593508,1,0.0
593508,4,0.0
593532,1,0.0
593559,1,0.0
593583,1,0.0
593613,4,0.0
593664,1,0.0
594067,4,0.0
594482,1,0.0
594482,4,0.0
594768,4,0.0
594903,4,0.0
594920,1,0.0
595047,4,0.0
595209,1,0.0
595411,1,0.0
595578,1,0.0
595951,4,0.0
596230,1,0.0
596230,4,0.0
596361,4,0.0
596825,1,0.0
597317,4,0.0
597635,4,0.0
598003,1,0.0
598381,1,0.0
598381,4,0.0039999999999054126
598411,4,0.00200000000018008
598615,4,0.0
598623,4,0.0
598810,1,0.0
598917,1,0.0
599204,4,0.0
599212,1,0.0
599565,1,0.0
599701,1,0.0
599701,4,0.0
599905,1,0.0
599999,4,0.0
