index,Evident,Evident_TypSubjektu,ZmenaMnozstvi
9,507016,1,-3.999994078185409e-06
42,531057,4,0.001949999998032581
47,531201,4,-0.0010000000002037268
48,531456,4,0.0029999999999290594
50,531642,4,-0.003999999999990678
52,531715,4,-0.00200000000018008
56,531855,4,-0.0039999999999054126
57,531910,4,-0.0009999999999763531
90,533939,4,-0.0049999999999954525
104,534285,4,-0.005000000000109139
194,539911,1,-2.7284841053187847e-12
196,540013,4,0.0019999999985884642
199,540153,4,-0.0029999999997016857
200,540170,4,-0.0009999999992942321
203,540242,4,-0.004999999999654392
204,540315,4,-0.003000000000156433
206,540625,4,0.00200000000018008
210,540901,4,0.0009999999999763531
211,540943,4,0.0009999999999763531
212,541052,4,-0.0009999999999763531
215,541231,4,-0.003020000000105938
222,541541,4,-0.00400000000036016
223,541567,4,-0.00200000000018008
224,541583,4,-0.0029999999999290594
242,544256,1,-4.786215868080035e-11
248,544477,1,-0.005000000448490027
276,545520,4,2.2737367544323206e-13
309,549592,4,0.0020000000004074536
310,549614,4,-0.0029999999999290594
321,550817,4,0.0020000000004074536
327,551350,4,-0.0009999999999763531
360,554782,1,7.275957614183426e-12
367,554821,1,1.00000761449337e-06
373,554961,4,-7.96e-12
375,555134,1,4.0000013541430235e-06
378,555428,1,0.0004350002934643271
400,556751,4,-4.547473508864641e-13
427,558061,4,0.0039999999999054126
478,562157,4,-0.004000000000132786
494,562971,1,2.9999957404935884e-06
517,563889,1,1.8189894035458565e-12
534,564214,4,0.0049999999999954525
535,564249,1,-0.002953999995952472
544,564486,4,0.003000000000156433
545,564494,1,0.00039999978616833687
550,564591,4,-9.094947017729282e-13
599,567515,1,-0.00020000030053779483
621,569771,1,-1.4551915228366852e-11
622,569810,1,9.00006853044033e-06
716,578444,1,-4.7000000000352316e-05
754,581917,1,3.999997716164216e-06
801,584649,1,-9.094947017729282e-13
909,598381,4,0.0039999999999054126
910,598411,4,0.00200000000018008
