index,Druh_Odpadu,Evident,Evident_TypSubjektu,ZmenaMnozstvi
51,200110,507237,4,-2.2737367544323206e-13
106,200110,513644,4,-2.2737367544323206e-13
303,200110,534005,4,-4.547473508864641e-13
356,200110,535087,1,-3.183231456205249e-12
473,200110,538493,4,1.1368683772161603e-13
484,200110,538655,4,4.547473508864641e-13
513,200110,539228,4,-9.094947017729282e-13
533,200110,539805,4,4.547473508864641e-13
658,200110,544477,1,-4.0745362639427185e-10
735,200110,546127,1,-6.139089236967266e-12
754,200110,546917,4,2.2737367544323206e-13
871,200110,550752,1,0.002999999999985903
1006,200110,554782,1,-0.002999999957410182
1009,200110,554804,1,-8.880000000000001e-13
1011,200110,554821,1,4.320099833421409e-12
1012,200110,554821,4,-7.275957614183426e-12
1064,200110,558249,1,2.0000006770715117e-06
1093,200110,559661,1,0.0002999999560415745
1110,200110,560014,4,2.2737367544323206e-13
1212,200110,564711,1,9.094947017729282e-13
1315,200110,568678,4,-2.2737367544323206e-13
1410,200110,571351,1,5.4569682106375694e-12
1553,200110,576301,4,2.2737367544323206e-13
1731,200110,581372,1,0.0020589995401678607
1891,200110,586846,1,0.14981299999999464
1919,200110,587435,4,4.547473508864641e-13
1932,200110,587711,1,-7.105427357601002e-15
1950,200110,588032,4,-3.637978807091713e-12
2112,200110,591629,4,9.094947017729282e-13
2199,200110,593711,1,-6.0254023992456496e-12
2281,200110,595209,1,-2.2737367544323206e-13
2443,200111,507016,1,-3.999994078185409e-06
2476,200111,531057,4,0.001949999998032581
2481,200111,531201,4,-0.0010000000002037268
2482,200111,531456,4,0.0029999999999290594
2484,200111,531642,4,-0.003999999999990678
2486,200111,531715,4,-0.00200000000018008
2490,200111,531855,4,-0.0039999999999054126
2491,200111,531910,4,-0.0009999999999763531
2524,200111,533939,4,-0.0049999999999954525
2538,200111,534285,4,-0.005000000000109139
2628,200111,539911,1,-2.7284841053187847e-12
2630,200111,540013,4,0.0019999999985884642
2633,200111,540153,4,-0.0029999999997016857
2634,200111,540170,4,-0.0009999999992942321
2637,200111,540242,4,-0.004999999999654392
2638,200111,540315,4,-0.003000000000156433
2640,200111,540625,4,0.00200000000018008
2644,200111,540901,4,0.0009999999999763531
2645,200111,540943,4,0.0009999999999763531
2646,200111,541052,4,-0.0009999999999763531
2649,200111,541231,4,-0.003020000000105938
2656,200111,541541,4,-0.00400000000036016
2657,200111,541567,4,-0.00200000000018008
2658,200111,541583,4,-0.0029999999999290594
2676,200111,544256,1,-4.786215868080035e-11
2682,200111,544477,1,-0.005000000448490027
2710,200111,545520,4,2.2737367544323206e-13
2743,200111,549592,4,0.0020000000004074536
2744,200111,549614,4,-0.0029999999999290594
2755,200111,550817,4,0.0020000000004074536
2761,200111,551350,4,-0.0009999999999763531
2794,200111,554782,1,7.275957614183426e-12
2801,200111,554821,1,1.00000761449337e-06
2807,200111,554961,4,-7.96e-12
2809,200111,555134,1,4.0000013541430235e-06
2812,200111,555428,1,0.0004350002934643271
2834,200111,556751,4,-4.547473508864641e-13
2861,200111,558061,4,0.0039999999999054126
2912,200111,562157,4,-0.004000000000132786
2928,200111,562971,1,2.9999957404935884e-06
2951,200111,563889,1,1.8189894035458565e-12
2968,200111,564214,4,0.0049999999999954525
2969,200111,564249,1,-0.002953999995952472
2978,200111,564486,4,0.003000000000156433
2979,200111,564494,1,0.00039999978616833687
2984,200111,564591,4,-9.094947017729282e-13
3033,200111,567515,1,-0.00020000030053779483
3055,200111,569771,1,-1.4551915228366852e-11
3056,200111,569810,1,9.00006853044033e-06
3150,200111,578444,1,-4.7000000000352316e-05
3188,200111,581917,1,3.999997716164216e-06
3235,200111,584649,1,-9.094947017729282e-13
3343,200111,598381,4,0.0039999999999054126
3344,200111,598411,4,0.00200000000018008
