Druh_Odpadu,Evident_ZUJ_Cislo,Evident_TypSubjektu,Odpad_vKg
200110,586846,1,0.14981299999999464
200111,564214,4,0.0049999999999954525
200111,558061,4,0.0039999999999054126
200111,598381,4,0.0039999999999054126
200111,564486,4,0.003000000000156433
200110,550752,1,0.002999999999985903
200111,531456,4,0.0029999999999290594
200110,581372,1,0.0020589995401678607
200111,549592,4,0.0020000000004074536
200111,550817,4,0.0020000000004074536
200111,598411,4,0.00200000000018008
200111,540625,4,0.00200000000018008
200111,540013,4,0.0019999999985884642
200111,531057,4,0.001949999998032581
200111,540943,4,0.0009999999999763531
200111,540901,4,0.0009999999999763531
200111,555428,1,0.0004350002934643271
200111,564494,1,0.00039999978616833687
200110,559661,1,0.0002999999560415745
200111,569810,1,9.00006853044033e-06
200111,555134,1,4.0000013541430235e-06
200111,581917,1,3.999997716164216e-06
200111,562971,1,2.9999957404935884e-06
200110,558249,1,2.0000006770715117e-06
200111,554821,1,1.00000761449337e-06
200111,554782,1,7.275957614183426e-12
200110,571351,1,5.4569682106375694e-12
200110,554821,1,4.320099833421409e-12
200111,563889,1,1.8189894035458565e-12
200110,591629,4,9.094947017729282e-13
200110,564711,1,9.094947017729282e-13
200110,587435,4,4.547473508864641e-13
200110,539805,4,4.547473508864641e-13
200110,538655,4,4.547473508864641e-13
200110,546917,4,2.2737367544323206e-13
200110,576301,4,2.2737367544323206e-13
200111,545520,4,2.2737367544323206e-13
200110,560014,4,2.2737367544323206e-13
200110,538493,4,1.1368683772161603e-13
200110,593605,4,0.0
200110,594083,4,0.0
200110,593583,4,0.0
200110,594091,4,0.0
200110,594075,4,0.0
200110,594067,4,0.0
200110,594059,4,0.0
200110,594121,4,0.0
200110,593583,1,0.0
200110,594041,4,0.0
200110,594032,4,0.0
200110,594156,4,0.0
200110,593753,4,0.0
200110,593991,4,0.0
200110,593630,4,0.0
200110,594164,4,0.0
200110,593796,4,0.0
200110,593818,4,0.0
200110,593737,4,0.0
200110,593826,4,0.0
200110,593711,4,0.0
200110,593834,4,0.0
200110,593702,4,0.0
200110,593893,4,0.0
200110,594024,4,0.0
200110,593907,4,0.0
200110,593966,4,0.0
200110,593982,4,0.0
200110,593699,4,0.0
200110,593656,4,0.0
200110,593770,4,0.0
200110,594008,4,0.0
200110,593851,4,0.0
200110,594253,4,0.0
200110,594172,4,0.0
200110,594822,4,0.0
200110,594709,4,0.0
200110,594725,4,0.0
200110,594733,4,0.0
200110,594741,4,0.0
200110,594750,4,0.0
200110,594776,4,0.0
200110,594784,4,0.0
200110,594792,4,0.0
200110,594806,4,0.0
200110,594849,4,0.0
200110,594652,4,0.0
200110,594865,4,0.0
200110,594873,4,0.0
200110,594881,4,0.0
200110,594890,4,0.0
200110,594911,4,0.0
200110,594938,4,0.0
200110,594971,4,0.0
200110,594997,4,0.0
200110,595021,4,0.0
200110,594679,4,0.0
200110,594644,4,0.0
200110,594181,4,0.0
200110,594326,4,0.0
200110,594199,4,0.0
200110,594202,4,0.0
200110,594211,4,0.0
200110,594229,4,0.0
200110,593532,4,0.0
200110,594261,4,0.0
200110,594270,4,0.0
200110,594300,4,0.0
200110,594318,4,0.0
200110,594342,4,0.0
200110,594636,4,0.0
200110,594393,4,0.0
200110,594407,4,0.0
200110,594415,4,0.0
200110,594431,4,0.0
200110,594440,4,0.0
200110,594555,4,0.0
200110,594571,4,0.0
200110,594598,4,0.0
200110,594628,4,0.0
200110,593559,4,0.0
200110,593222,4,0.0
200110,593524,4,0.0
200110,591858,4,0.0
200110,591688,4,0.0
200110,591742,4,0.0
200110,591769,1,0.0
200110,591769,4,0.0
200110,591785,4,0.0
200110,591793,4,0.0
200110,591807,4,0.0
200110,591815,4,0.0
200110,591831,4,0.0
200110,591840,4,0.0
200110,591866,4,0.0
200110,592056,4,0.0
200110,591874,4,0.0
200110,591904,4,0.0
200110,591939,4,0.0
200110,591963,4,0.0
200110,591998,1,0.0
200110,591998,4,0.0
200110,592005,1,0.0
200110,592005,4,0.0
200110,592013,4,0.0
200110,592030,4,0.0
200110,591645,4,0.0
200110,591637,4,0.0
200110,591629,1,0.0
200110,591611,4,0.0
200110,591157,4,0.0
200110,591173,1,0.0
200110,591173,4,0.0
200110,591181,4,0.0
200110,591190,4,0.0
200110,591211,1,0.0
200110,591211,4,0.0
200110,591220,4,0.0
200110,591254,4,0.0
200110,591262,4,0.0
200110,591301,1,0.0
200110,591301,4,0.0
200110,591360,4,0.0
200110,591394,4,0.0
200110,591424,4,0.0
200110,591432,4,0.0
200110,591441,4,0.0
200110,591459,4,0.0
200110,591548,4,0.0
200110,591556,4,0.0
200110,591581,4,0.0
200110,592048,4,0.0
200110,592064,4,0.0
200110,593478,4,0.0
200110,592889,4,0.0
200110,592641,4,0.0
200110,592676,4,0.0
200110,592722,4,0.0
200110,592731,4,0.0
200110,592781,4,0.0
200110,592790,4,0.0
200110,592820,4,0.0
200110,592846,1,0.0
200110,592846,4,0.0
200110,592862,4,0.0
200110,592943,4,0.0
200110,592072,4,0.0
200110,593001,4,0.0
200110,593061,4,0.0
200110,593079,4,0.0
200110,593117,1,0.0
200110,593125,4,0.0
200110,595055,4,0.0
200110,593273,4,0.0
200110,593338,4,0.0
200110,593354,4,0.0
200110,593427,4,0.0
200110,592609,4,0.0
200110,592561,4,0.0
200110,592536,4,0.0
200110,592536,1,0.0
200110,592081,4,0.0
200110,592099,4,0.0
200110,592102,4,0.0
200110,592111,4,0.0
200110,592137,4,0.0
200110,592145,4,0.0
200110,592170,4,0.0
200110,592200,4,0.0
200110,592234,4,0.0
200110,592277,4,0.0
200110,592293,4,0.0
200110,592323,4,0.0
200110,592391,4,0.0
200110,592421,4,0.0
200110,592439,4,0.0
200110,592447,4,0.0
200110,592455,4,0.0
200110,592463,4,0.0
200110,592480,4,0.0
200110,592501,4,0.0
200110,592510,4,0.0
200110,595039,4,0.0
200110,595209,4,0.0
200110,595098,4,0.0
200110,599549,4,0.0
200110,599247,1,0.0
200110,599247,4,0.0
200110,599301,4,0.0
200110,599352,4,0.0
200110,599409,4,0.0
200110,599417,4,0.0
200110,599433,4,0.0
200110,599468,4,0.0
200110,599492,4,0.0
200110,599506,4,0.0
200110,599565,4,0.0
200110,599191,4,0.0
200110,599603,4,0.0
200110,599620,4,0.0
200110,599638,4,0.0
200110,599646,4,0.0
200110,599689,4,0.0
200110,599697,4,0.0
200110,599701,4,0.0
200110,599719,4,0.0
200110,599735,4,0.0
200110,599743,4,0.0
200110,599221,4,0.0
200110,599191,1,0.0
200110,599808,4,0.0
200110,598755,4,0.0
200110,598429,4,0.0
200110,598445,4,0.0
200110,598461,4,0.0
200110,598526,4,0.0
200110,598542,4,0.0
200110,598569,4,0.0
200110,598623,4,0.0
200110,598691,4,0.0
200110,598721,4,0.0
200110,598739,4,0.0
200110,598798,1,0.0
200110,599107,4,0.0
200110,598798,4,0.0
200110,598810,1,0.0
200110,598836,4,0.0
200110,598844,4,0.0
200110,598879,1,0.0
200110,598879,4,0.0
200110,598933,4,0.0
200110,598941,4,0.0
200110,599051,1,0.0
200110,599085,1,0.0
200110,599760,4,0.0
200110,599867,4,0.0
200110,595101,4,0.0
200111,530263,1,0.0
200111,514705,1,0.0
200111,517151,4,0.0
200111,523704,1,0.0
200111,528196,4,0.0
200111,529303,1,0.0
200111,529303,4,0.0
200111,529729,4,0.0
200111,529991,4,0.0
200111,530085,4,0.0
200111,530123,4,0.0
200111,530310,1,0.0
200111,514055,1,0.0
200111,530310,4,0.0
200111,530433,4,0.0
200111,530441,4,0.0
200111,530506,4,0.0
200111,531057,1,0.0
200111,531138,1,0.0
200111,531171,4,0.0
200111,531189,1,0.0
200111,531189,4,0.0
200111,531545,4,0.0
200111,514055,4,0.0
200111,513768,4,0.0
200110,599905,4,0.0
200111,506737,1,0.0
200110,599921,4,0.0
200110,599930,4,0.0
200111,500071,4,0.0
200111,500496,1,0.0
200111,504785,4,0.0
200111,505145,1,0.0
200111,505188,1,0.0
200111,505269,4,0.0
200111,505528,1,0.0
200111,505927,1,0.0
200111,507113,1,0.0
200111,513750,1,0.0
200111,507181,1,0.0
200111,507971,1,0.0
200111,508128,1,0.0
200111,508501,4,0.0
200111,510891,1,0.0
200111,511382,1,0.0
200111,512923,1,0.0
200111,513491,4,0.0
200111,513504,4,0.0
200111,513733,1,0.0
200110,598399,4,0.0
200110,598364,4,0.0
200110,598356,4,0.0
200110,596175,4,0.0
200110,595926,4,0.0
200110,595969,4,0.0
200110,595977,4,0.0
200110,596035,4,0.0
200110,596051,4,0.0
200110,596086,4,0.0
200110,596094,4,0.0
200110,596116,4,0.0
200110,596132,4,0.0
200110,596141,4,0.0
200110,596183,4,0.0
200110,595861,4,0.0
200110,596191,4,0.0
200110,596230,1,0.0
200110,596256,4,0.0
200110,596281,4,0.0
200110,596302,4,0.0
200110,596337,4,0.0
200110,596345,4,0.0
200110,596370,4,0.0
200110,596485,4,0.0
200110,596574,4,0.0
200110,595888,4,0.0
200110,595837,4,0.0
200110,598348,4,0.0
200110,595322,4,0.0
200110,595110,4,0.0
200110,595136,4,0.0
200110,595144,4,0.0
200110,595152,4,0.0
200110,595187,4,0.0
200110,591068,4,0.0
200110,595241,4,0.0
200110,595284,4,0.0
200110,595292,4,0.0
200110,595314,4,0.0
200110,595357,4,0.0
200110,595772,4,0.0
200110,595411,1,0.0
200110,595411,4,0.0
200110,595454,4,0.0
200110,595489,4,0.0
200110,595551,4,0.0
200110,595624,4,0.0
200110,595641,4,0.0
200110,595659,4,0.0
200110,595713,4,0.0
200110,595756,4,0.0
200110,596604,4,0.0
200110,596612,4,0.0
200110,596647,4,0.0
200110,597821,4,0.0
200110,597449,4,0.0
200110,597481,4,0.0
200110,597546,4,0.0
200110,597571,4,0.0
200110,597589,4,0.0
200110,597678,4,0.0
200110,597686,4,0.0
200110,597724,4,0.0
200110,597783,4,0.0
200110,597813,4,0.0
200110,597881,4,0.0
200110,596655,4,0.0
200110,597937,4,0.0
200110,597945,4,0.0
200110,597988,4,0.0
200110,598011,4,0.0
200110,598020,4,0.0
200110,598038,4,0.0
200110,598178,4,0.0
200110,598259,4,0.0
200110,598291,4,0.0
200110,598313,4,0.0
200110,597414,4,0.0
200110,597392,4,0.0
200110,597368,4,0.0
200110,597341,4,0.0
200110,596671,4,0.0
200110,596701,4,0.0
200110,596728,4,0.0
200110,596744,4,0.0
200110,596809,4,0.0
200110,596825,1,0.0
200110,596868,4,0.0
200110,596884,4,0.0
200110,596914,4,0.0
200110,596949,4,0.0
200110,596957,4,0.0
200110,597007,4,0.0
200110,597040,4,0.0
200110,597058,4,0.0
200110,597139,4,0.0
200110,597155,4,0.0
200110,597180,1,0.0
200110,597210,4,0.0
200110,597228,4,0.0
200110,597252,4,0.0
200110,597287,4,0.0
200110,591149,4,0.0
200110,500020,4,0.0
200110,591041,4,0.0
200110,583944,4,0.0
200110,583596,4,0.0
200110,583677,4,0.0
200110,583693,4,0.0
200110,583707,4,0.0
200110,583715,4,0.0
200110,583740,4,0.0
200110,583774,4,0.0
200110,583804,4,0.0
200110,583855,4,0.0
200110,583910,4,0.0
200110,583961,4,0.0
200110,583545,4,0.0
200110,584002,4,0.0
200110,584053,4,0.0
200110,584142,4,0.0
200110,584177,4,0.0
200110,584215,4,0.0
200110,584223,1,0.0
200110,584240,4,0.0
200110,584339,4,0.0
200110,584355,4,0.0
200110,584380,4,0.0
200110,583588,4,0.0
200110,583511,4,0.0
200110,584576,4,0.0
200110,582964,4,0.0
200110,582689,4,0.0
200110,582701,4,0.0
200110,582727,4,0.0
200110,582751,4,0.0
200110,582786,1,0.0
200110,582824,4,0.0
200110,582832,4,0.0
200110,582859,4,0.0
200110,582883,4,0.0
200110,582948,4,0.0
200110,583057,4,0.0
200110,583499,4,0.0
200110,583120,4,0.0
200110,583201,4,0.0
200110,583227,4,0.0
200110,583359,4,0.0
200110,583367,4,0.0
200110,583391,1,0.0
200110,583391,4,0.0
200110,583405,4,0.0
200110,583421,4,0.0
200110,583456,4,0.0
200110,584495,4,0.0
200110,584631,4,0.0
200110,582654,4,0.0
200110,585963,4,0.0
200110,585726,4,0.0
200110,585734,4,0.0
200110,585751,4,0.0
200110,585807,4,0.0
200110,585831,4,0.0
200110,585858,4,0.0
200110,585882,4,0.0
200110,585891,4,0.0
200110,585912,4,0.0
200110,585955,4,0.0
200110,585971,4,0.0
200110,585599,1,0.0
200110,585980,4,0.0
200110,585998,4,0.0
200110,586021,4,0.0
200110,586030,4,0.0
200110,586048,4,0.0
200110,586064,4,0.0
200110,586081,4,0.0
200110,586170,4,0.0
200110,586234,4,0.0
200110,586285,4,0.0
200110,585670,4,0.0
200110,585556,4,0.0
200110,584681,4,0.0
200110,585106,4,0.0
200110,584720,4,0.0
200110,584801,4,0.0
200110,584843,4,0.0
200110,584894,4,0.0
200110,584932,4,0.0
200110,584975,4,0.0
200110,585009,4,0.0
200110,585017,4,0.0
200110,585050,4,0.0
200110,585068,1,0.0
200110,585114,4,0.0
200110,585548,4,0.0
200110,585157,4,0.0
200110,585190,4,0.0
200110,585271,4,0.0
200110,585327,4,0.0
200110,585432,4,0.0
200110,585483,4,0.0
200110,585491,4,0.0
200110,585513,4,0.0
200110,585521,4,0.0
200110,585530,4,0.0
200110,582671,4,0.0
200110,582646,4,0.0
200110,586382,4,0.0
200110,580635,4,0.0
200110,580392,4,0.0
200110,580431,1,0.0
200110,580431,4,0.0
200110,580465,4,0.0
200110,580481,1,0.0
200110,580490,4,0.0
200110,580503,4,0.0
200110,580511,4,0.0
200110,580571,4,0.0
200110,580627,4,0.0
200110,580643,4,0.0
200110,580350,4,0.0
200110,580651,4,0.0
200110,580694,4,0.0
200110,580759,4,0.0
200110,580872,4,0.0
200110,580929,4,0.0
200110,580945,4,0.0
200110,580961,4,0.0
200110,581054,4,0.0
200110,581062,4,0.0
200110,581071,1,0.0
200110,580376,4,0.0
200110,580341,4,0.0
200110,581119,4,0.0
200110,579980,4,0.0
200110,579637,1,0.0
200110,579742,4,0.0
200110,579777,4,0.0
200110,579785,4,0.0
200110,579823,4,0.0
200110,579831,4,0.0
200110,579874,4,0.0
200110,579891,4,0.0
200110,579947,4,0.0
200110,500046,4,0.0
200110,580031,4,0.0
200110,580333,4,0.0
200110,580040,4,0.0
200110,580058,1,0.0
200110,580058,4,0.0
200110,580074,4,0.0
200110,580091,4,0.0
200110,580112,4,0.0
200110,580210,4,0.0
200110,580261,4,0.0
200110,580295,4,0.0
200110,580325,4,0.0
200110,581071,4,0.0
200110,581151,4,0.0
200110,582620,4,0.0
200110,582328,4,0.0
200110,582042,4,0.0
200110,582085,4,0.0
200110,582115,4,0.0
200110,582182,4,0.0
200110,582191,4,0.0
200110,582239,4,0.0
200110,582247,4,0.0
200110,582263,4,0.0
200110,582271,4,0.0
200110,582310,4,0.0
200110,582344,4,0.0
200110,581917,4,0.0
200110,582395,4,0.0
200110,582409,4,0.0
200110,582417,4,0.0
200110,582433,4,0.0
200110,582441,4,0.0
200110,582468,4,0.0
200110,582573,4,0.0
200110,582581,4,0.0
200110,582590,4,0.0
200110,582611,4,0.0
200110,581976,4,0.0
200110,581917,1,0.0
200110,581178,4,0.0
200110,581372,4,0.0
200110,581186,1,0.0
200110,581186,4,0.0
200110,581208,4,0.0
200110,581224,4,0.0
200110,581275,4,0.0
200110,581283,1,0.0
200110,581283,4,0.0
200110,581291,1,0.0
200110,581321,4,0.0
200110,581330,4,0.0
200110,581381,4,0.0
200110,581909,4,0.0
200110,581470,4,0.0
200110,581496,4,0.0
200110,581542,4,0.0
200110,581631,4,0.0
200110,581739,4,0.0
200110,581755,4,0.0
200110,581780,4,0.0
200110,581810,4,0.0
200110,581861,4,0.0
200110,581879,4,0.0
200110,586323,4,0.0
200110,586412,4,0.0
200110,591009,4,0.0
200110,589853,4,0.0
200110,589667,4,0.0
200110,589705,4,0.0
200110,589713,4,0.0
200110,589721,4,0.0
200110,589748,4,0.0
200110,589756,1,0.0
200110,589756,4,0.0
200110,589764,1,0.0
200110,589764,4,0.0
200110,589837,4,0.0
200110,589870,4,0.0
200110,589616,4,0.0
200110,589896,1,0.0
200110,589926,1,0.0
200110,589926,4,0.0
200110,589934,4,0.0
200110,589942,4,0.0
200110,589951,4,0.0
200110,589969,4,0.0
200110,589977,4,0.0
200110,589993,4,0.0
200110,590002,4,0.0
200110,589632,4,0.0
200110,589594,4,0.0
200110,590100,4,0.0
200110,589250,1,0.0
200110,588890,4,0.0
200110,588920,4,0.0
200110,588989,4,0.0
200110,588997,4,0.0
200110,589039,4,0.0
200110,589136,4,0.0
200110,589161,4,0.0
200110,589195,4,0.0
200110,589217,4,0.0
200110,589233,4,0.0
200110,589331,4,0.0
200110,589586,4,0.0
200110,589349,4,0.0
200110,589381,4,0.0
200110,589390,4,0.0
200110,589438,4,0.0
200110,589446,4,0.0
200110,589462,4,0.0
200110,589501,4,0.0
200110,589527,4,0.0
200110,589543,4,0.0
200110,589560,4,0.0
200110,590029,4,0.0
200110,590126,4,0.0
200110,588865,4,0.0
200110,590789,4,0.0
200110,590584,4,0.0
200110,590592,4,0.0
200110,590631,4,0.0
200110,590649,4,0.0
200110,590657,4,0.0
200110,590673,1,0.0
200110,590673,4,0.0
200110,590746,4,0.0
200110,590754,1,0.0
200110,590754,4,0.0
200110,590797,4,0.0
200110,590568,4,0.0
200110,590835,4,0.0
200110,590843,4,0.0
200110,590860,4,0.0
200110,590886,4,0.0
200110,590916,4,0.0
200111,531723,1,0.0
200110,590941,4,0.0
200110,590967,4,0.0
200110,590975,4,0.0
200110,590983,4,0.0
200110,590576,4,0.0
200110,590550,4,0.0
200110,590134,4,0.0
200110,590312,4,0.0
200110,590142,4,0.0
200110,590177,4,0.0
200110,590185,4,0.0
200110,590193,4,0.0
200110,590223,4,0.0
200110,590240,4,0.0
200110,590266,1,0.0
200110,590266,4,0.0
200110,590282,4,0.0
200110,590304,4,0.0
200110,590321,4,0.0
200110,590533,4,0.0
200110,590363,4,0.0
200110,590380,4,0.0
200110,590401,1,0.0
200110,590401,4,0.0
200110,590410,4,0.0
200110,590436,4,0.0
200110,590444,4,0.0
200110,590452,4,0.0
200110,590509,4,0.0
200110,590517,4,0.0
200110,588873,4,0.0
200110,588849,4,0.0
200110,586455,4,0.0
200110,587290,4,0.0
200110,587044,4,0.0
200110,587061,4,0.0
200110,587087,4,0.0
200110,587095,4,0.0
200110,587125,4,0.0
200110,587141,4,0.0
200110,587168,4,0.0
200110,587192,4,0.0
200110,587249,4,0.0
200110,587257,4,0.0
200110,587303,4,0.0
200110,587028,4,0.0
200110,587346,4,0.0
200110,587419,4,0.0
200110,587460,4,0.0
200110,587486,4,0.0
200110,587508,4,0.0
200110,587541,4,0.0
200110,587559,4,0.0
200110,587567,4,0.0
200110,587575,4,0.0
200110,587583,4,0.0
200110,587036,4,0.0
200110,587010,4,0.0
200110,587621,4,0.0
200110,586722,4,0.0
200110,586501,4,0.0
200110,586561,4,0.0
200110,586609,4,0.0
200110,586617,4,0.0
200110,586625,4,0.0
200110,586633,4,0.0
200110,586641,4,0.0
200110,586650,4,0.0
200110,586676,4,0.0
200110,586684,4,0.0
200110,586811,4,0.0
200110,587001,4,0.0
200110,586820,4,0.0
200110,586846,4,0.0
200110,586862,4,0.0
200110,586871,4,0.0
200110,586901,4,0.0
200110,586919,4,0.0
200110,586943,1,0.0
200110,586943,4,0.0
200110,586960,4,0.0
200110,586978,4,0.0
200110,587591,4,0.0
200110,587681,4,0.0
200110,588822,4,0.0
200110,588598,4,0.0
200110,588300,4,0.0
200110,588318,4,0.0
200110,588326,4,0.0
200110,588385,4,0.0
200110,588393,1,0.0
200110,588393,4,0.0
200110,588474,4,0.0
200110,588491,4,0.0
200110,588512,4,0.0
200110,588521,4,0.0
200110,588601,4,0.0
200110,588288,1,0.0
200110,588644,4,0.0
200110,588652,4,0.0
200110,588661,4,0.0
200110,588695,4,0.0
200110,588709,4,0.0
200110,588717,4,0.0
200110,588725,4,0.0
200110,588741,4,0.0
200110,588750,4,0.0
200110,588784,4,0.0
200110,588288,4,0.0
200110,588211,4,0.0
200110,587699,4,0.0
200110,587907,4,0.0
200110,587711,4,0.0
200110,587729,4,0.0
200110,587745,4,0.0
200110,587761,4,0.0
200110,587788,4,0.0
200110,587800,4,0.0
200110,587818,4,0.0
200110,587842,4,0.0
200110,587851,4,0.0
200110,587885,4,0.0
200110,587923,4,0.0
200110,588199,4,0.0
200110,587931,4,0.0
200110,587958,4,0.0
200110,588008,4,0.0
200110,588024,4,0.0
200110,588032,1,0.0
200110,588041,4,0.0
200110,588059,4,0.0
200110,588075,4,0.0
200110,588121,4,0.0
200110,588181,4,0.0
200111,531685,4,0.0
200111,532444,4,0.0
200111,531723,4,0.0
200111,572268,1,0.0
200111,571491,4,0.0
200111,571547,4,0.0
200111,571661,1,0.0
200111,571776,4,0.0
200111,571911,1,0.0
200111,572071,1,0.0
200111,572071,4,0.0
200111,572101,1,0.0
200111,572241,1,0.0
200111,572241,4,0.0
200111,572454,4,0.0
200111,571393,1,0.0
200111,572659,4,0.0
200111,572926,4,0.0
200111,573060,4,0.0
200111,573108,4,0.0
200111,573116,4,0.0
200111,573124,4,0.0
200111,573248,1,0.0
200111,573248,4,0.0
200111,573493,4,0.0
200111,573701,4,0.0
200111,571393,4,0.0
200111,571385,4,0.0
200111,567841,4,0.0
200111,569569,4,0.0
200111,568015,4,0.0
200111,568023,4,0.0
200111,568309,1,0.0
200111,568414,1,0.0
200111,568546,4,0.0
200111,568651,4,0.0
200111,568694,4,0.0
200111,568945,4,0.0
200111,569321,4,0.0
200111,569569,1,0.0
200111,570109,1,0.0
200111,571385,1,0.0
200111,570303,1,0.0
200111,570427,1,0.0
200111,570451,1,0.0
200111,570788,4,0.0
200111,570869,1,0.0
200111,570923,4,0.0
200111,571164,1,0.0
200111,571164,4,0.0
200111,571211,4,0.0
200111,571351,1,0.0
200111,573817,4,0.0
200111,573825,4,0.0
200111,573922,1,0.0
200111,576964,4,0.0
200111,576590,4,0.0
200111,576654,4,0.0
200111,576662,4,0.0
200111,576751,4,0.0
200111,576808,4,0.0
200111,576859,1,0.0
200111,576859,4,0.0
200111,576891,4,0.0
200111,576921,1,0.0
200111,576921,4,0.0
200111,577120,4,0.0
200111,573973,4,0.0
200111,577154,4,0.0
200111,577162,4,0.0
200111,577197,4,0.0
200111,577235,1,0.0
200111,577308,1,0.0
200111,577413,4,0.0
200111,577626,4,0.0
200111,577707,4,0.0
200111,577731,1,0.0
200111,577731,4,0.0
200111,576573,4,0.0
200111,576476,4,0.0
200111,576476,1,0.0
200111,576271,4,0.0
200111,574015,4,0.0
200111,574023,4,0.0
200111,574121,4,0.0
200111,574279,4,0.0
200111,574406,4,0.0
200111,574481,4,0.0
200111,574848,4,0.0
200111,574953,4,0.0
200111,574988,1,0.0
200111,574988,4,0.0
200111,574996,4,0.0
200111,575577,4,0.0
200111,575640,4,0.0
200111,576026,1,0.0
200111,576069,1,0.0
200111,576069,4,0.0
200111,576077,1,0.0
200111,576204,4,0.0
200111,576212,4,0.0
200111,576263,4,0.0
200111,576271,1,0.0
200111,568007,4,0.0
200111,567779,4,0.0
200111,531740,4,0.0
200111,564311,4,0.0
200111,564044,4,0.0
200111,564061,4,0.0
200111,564109,4,0.0
200111,564117,1,0.0
200111,564117,4,0.0
200111,564168,4,0.0
200111,564206,4,0.0
200111,564265,4,0.0
200111,564281,4,0.0
200111,564303,4,0.0
200111,564371,1,0.0
200111,564028,4,0.0
200111,564371,4,0.0
200111,564397,1,0.0
200111,564460,4,0.0
200111,564494,4,0.0
200111,564567,1,0.0
200111,564567,4,0.0
200111,564591,1,0.0
200111,564711,1,0.0
200111,564711,4,0.0
200111,564851,1,0.0
200111,564036,4,0.0
200111,564028,1,0.0
200111,567779,1,0.0
200111,563757,4,0.0
200111,563129,4,0.0
200111,563285,4,0.0
200111,563307,1,0.0
200111,563501,1,0.0
200111,563510,1,0.0
200111,563552,4,0.0
200111,563668,4,0.0
200111,563714,4,0.0
200111,563731,4,0.0
200111,563749,4,0.0
200111,563781,4,0.0
200111,563960,4,0.0
200111,563811,4,0.0
200111,563820,4,0.0
200111,563838,4,0.0
200111,563846,4,0.0
200111,563854,4,0.0
200111,563889,4,0.0
200111,563901,4,0.0
200111,563919,4,0.0
200111,563935,4,0.0
200111,563960,1,0.0
200111,564851,4,0.0
200111,564877,4,0.0
200111,565024,4,0.0
200111,567311,4,0.0
200111,566985,1,0.0
200111,567027,1,0.0
200111,567027,4,0.0
200111,567043,1,0.0
200111,567141,1,0.0
200111,567175,1,0.0
200111,567221,1,0.0
200111,567256,1,0.0
200111,567256,4,0.0
200111,567264,4,0.0
200111,567442,1,0.0
200111,565067,1,0.0
200111,567442,4,0.0
200111,567451,4,0.0
200111,567485,4,0.0
200111,567507,4,0.0
200111,567515,4,0.0
200111,567621,4,0.0
200111,567639,4,0.0
200111,567647,4,0.0
200111,567710,1,0.0
200111,567752,4,0.0
200111,566934,1,0.0
200111,566683,4,0.0
200111,566616,4,0.0
200111,566438,4,0.0
200111,565067,4,0.0
200111,565164,4,0.0
200111,565229,1,0.0
200111,565229,4,0.0
200111,565237,4,0.0
200111,565300,4,0.0
200111,565415,4,0.0
200111,565431,4,0.0
200111,565555,4,0.0
200111,565610,1,0.0
200111,565610,4,0.0
200111,565709,1,0.0
200111,565709,4,0.0
200111,565717,1,0.0
200111,565717,4,0.0
200111,565814,1,0.0
200111,565814,4,0.0
200111,565849,4,0.0
200111,565881,4,0.0
200111,565971,4,0.0
200111,566179,4,0.0
200111,578151,1,0.0
200111,578193,1,0.0
200111,578347,1,0.0
200111,592081,4,0.0
200111,589756,1,0.0
200111,589764,1,0.0
200111,589772,4,0.0
200111,589926,1,0.0
200111,589926,4,0.0
200111,591181,1,0.0
200111,591181,4,0.0
200111,592005,1,0.0
200111,592005,4,0.0
200111,592030,4,0.0
200111,592293,4,0.0
200111,589713,4,0.0
200111,592404,4,0.0
200111,592421,1,0.0
200111,592650,4,0.0
200111,592731,1,0.0
200111,592731,4,0.0
200111,592749,4,0.0
200111,592790,1,0.0
200111,592889,1,0.0
200111,592901,1,0.0
200111,592919,1,0.0
200111,589730,1,0.0
200111,589659,4,0.0
200111,578355,4,0.0
200111,588491,1,0.0
200111,586480,4,0.0
200111,586528,4,0.0
200111,586552,4,0.0
200111,586668,1,0.0
200111,586706,4,0.0
200111,586811,1,0.0
200111,586846,1,0.0
200111,588296,1,0.0
200111,588458,1,0.0
200111,588458,4,0.0
200111,588644,1,0.0
200111,589632,4,0.0
200111,588725,4,0.0
200111,589195,1,0.0
200111,589225,4,0.0
200111,589250,1,0.0
200111,589250,4,0.0
200111,589357,4,0.0
200111,589390,1,0.0
200111,589489,4,0.0
200111,589624,1,0.0
200111,589632,1,0.0
200111,592919,4,0.0
200111,592927,1,0.0
200111,592943,1,0.0
200111,598003,1,0.0
200111,595209,1,0.0
200111,595411,1,0.0
200111,595578,1,0.0
200111,595951,4,0.0
200111,596230,1,0.0
200111,596230,4,0.0
200111,596361,4,0.0
200111,596825,1,0.0
200111,597317,4,0.0
200111,597635,4,0.0
200111,598381,1,0.0
200111,592986,1,0.0
200111,598615,4,0.0
200111,598623,4,0.0
200111,598810,1,0.0
200111,598917,1,0.0
200111,599204,4,0.0
200111,599212,1,0.0
200111,599565,1,0.0
200111,599701,1,0.0
200111,599701,4,0.0
200111,599905,1,0.0
200111,595047,4,0.0
200111,594920,1,0.0
200111,594903,4,0.0
200111,594768,4,0.0
200111,592994,1,0.0
200111,593001,1,0.0
200111,593028,4,0.0
200111,593044,1,0.0
200111,593079,1,0.0
200111,593117,1,0.0
200111,593150,1,0.0
200111,593222,1,0.0
200111,593371,1,0.0
200111,593397,4,0.0
200111,593478,4,0.0
200111,593508,1,0.0
200111,593508,4,0.0
200111,593532,1,0.0
200111,593559,1,0.0
200111,593583,1,0.0
200111,593613,4,0.0
200111,593664,1,0.0
200111,594067,4,0.0
200111,594482,1,0.0
200111,594482,4,0.0
200111,586412,1,0.0
200111,586374,4,0.0
200111,586170,4,0.0
200111,581429,4,0.0
200111,580538,4,0.0
200111,580589,4,0.0
200111,580848,4,0.0
200111,581071,1,0.0
200111,581186,1,0.0
200111,581186,4,0.0
200111,581259,1,0.0
200111,581259,4,0.0
200111,581283,1,0.0
200111,581372,1,0.0
200111,581682,4,0.0
200111,582786,1,0.0
200111,581739,4,0.0
200111,581917,4,0.0
200111,581950,4,0.0
200111,582069,4,0.0
200111,582166,4,0.0
200111,582191,4,0.0
200111,582247,4,0.0
200111,582310,1,0.0
200111,582352,4,0.0
200111,582417,4,0.0
200111,580538,1,0.0
200111,580511,4,0.0
200111,580511,1,0.0
200111,580481,1,0.0
200111,578436,4,0.0
200111,578487,1,0.0
200111,578495,4,0.0
200111,578533,4,0.0
200111,578681,4,0.0
200111,578762,1,0.0
200111,579025,1,0.0
200111,579041,1,0.0
200111,579203,1,0.0
200111,579378,1,0.0
200111,579637,1,0.0
200111,579858,1,0.0
200111,579858,4,0.0
200111,579891,1,0.0
200111,579971,4,0.0
200111,580031,1,0.0
200111,580031,4,0.0
200111,580058,1,0.0
200111,580121,1,0.0
200111,580121,4,0.0
200111,580325,4,0.0
200111,582484,4,0.0
200111,582786,4,0.0
200111,586170,1,0.0
200111,584789,1,0.0
200111,584223,4,0.0
200111,584321,4,0.0
200111,584363,4,0.0
200111,584444,1,0.0
200111,584517,1,0.0
200111,584517,4,0.0
200111,584541,1,0.0
200111,584584,4,0.0
200111,584649,4,0.0
200111,584762,1,0.0
200111,584801,1,0.0
200111,582913,1,0.0
200111,584819,4,0.0
200111,585017,1,0.0
200111,585068,1,0.0
200111,585068,4,0.0
200111,585181,4,0.0
200111,585289,4,0.0
200111,585467,4,0.0
200111,585599,1,0.0
200111,585777,4,0.0
200111,586021,1,0.0
200111,584207,4,0.0
200111,584126,1,0.0
200111,584045,4,0.0
200111,583995,1,0.0
200111,582972,1,0.0
200111,583189,1,0.0
200111,583189,4,0.0
200111,583219,4,0.0
200111,583251,1,0.0
200111,583383,1,0.0
200111,583383,4,0.0
200111,583391,1,0.0
200111,583561,1,0.0
200111,583634,1,0.0
200111,583669,4,0.0
200111,583715,1,0.0
200111,583731,4,0.0
200111,583839,1,0.0
200111,583898,1,0.0
200111,583898,4,0.0
200111,583936,1,0.0
200111,583936,4,0.0
200111,583952,1,0.0
200111,583979,4,0.0
200111,583987,4,0.0
200111,563102,4,0.0
200111,563102,1,0.0
200111,563099,4,0.0
200111,540218,4,0.0
200111,539295,1,0.0
200111,539309,4,0.0
200111,539643,4,0.0
200111,539767,1,0.0
200111,539813,1,0.0
200111,539813,4,0.0
200111,540013,1,0.0
200111,540102,4,0.0
200111,540111,4,0.0
200111,540188,4,0.0
200111,540439,4,0.0
200111,539171,1,0.0
200111,540765,1,0.0
200111,540854,4,0.0
200111,540862,1,0.0
200111,541117,1,0.0
200111,541168,4,0.0
200111,541265,1,0.0
200111,541281,4,0.0
200111,541354,1,0.0
200111,541354,4,0.0
200111,541478,4,0.0
200111,539244,1,0.0
200111,539163,4,0.0
200111,545821,4,0.0
200111,538337,4,0.0
200111,537411,4,0.0
200111,537454,1,0.0
200111,537721,4,0.0
200111,537926,1,0.0
200111,537969,1,0.0
200111,538094,4,0.0
200111,538132,4,0.0
200111,538141,1,0.0
200111,538191,4,0.0
200111,538272,4,0.0
200111,538442,4,0.0
200111,539058,4,0.0
200111,538485,4,0.0
200111,538507,4,0.0
200111,538612,4,0.0
200111,538680,4,0.0
200111,538809,1,0.0
200111,538914,4,0.0
200111,538922,4,0.0
200111,538957,4,0.0
200111,538965,4,0.0
200111,539023,1,0.0
200111,541516,4,0.0
200111,541630,1,0.0
200111,541656,1,0.0
200111,545236,1,0.0
200111,544779,1,0.0
200111,544779,4,0.0
200111,544809,4,0.0
200111,544868,4,0.0
200111,545058,1,0.0
200111,545058,4,0.0
200111,545074,4,0.0
200111,545171,4,0.0
200111,545201,4,0.0
200111,545228,4,0.0
200111,545236,4,0.0
200111,541656,4,0.0
200111,545261,4,0.0
200111,545341,4,0.0
200111,545384,4,0.0
200111,545449,1,0.0
200111,545473,1,0.0
200111,545473,4,0.0
200111,545511,1,0.0
200111,545511,4,0.0
200111,545520,1,0.0
200111,545554,4,0.0
200111,544736,4,0.0
200111,544663,4,0.0
200111,544566,4,0.0
200111,544558,4,0.0
200111,541699,4,0.0
200111,541745,4,0.0
200111,541877,4,0.0
200111,541885,4,0.0
200111,541991,4,0.0
200111,542024,4,0.0
200111,542067,4,0.0
200111,542164,1,0.0
200111,542164,4,0.0
200111,542202,1,0.0
200111,542466,4,0.0
200111,542539,4,0.0
200111,542784,4,0.0
200111,542989,4,0.0
200111,544256,4,0.0
200111,544281,1,0.0
200111,544345,4,0.0
200111,544353,4,0.0
200111,544388,4,0.0
200111,544493,4,0.0
200111,544558,1,0.0
200111,537233,4,0.0
200111,537152,4,0.0
200111,537004,4,0.0
200111,534005,4,0.0
200111,533271,4,0.0
200111,533581,4,0.0
200111,533629,4,0.0
200111,533696,4,0.0
200111,533718,4,0.0
200111,533912,4,0.0
200111,533921,1,0.0
200111,533955,1,0.0
200111,533955,4,0.0
200111,534005,1,0.0
200111,534030,4,0.0
200111,534412,4,0.0
200111,534099,4,0.0
200111,534102,4,0.0
200111,534129,4,0.0
200111,534145,4,0.0
200111,534188,4,0.0
200111,534226,4,0.0
200111,534269,4,0.0
200111,534277,4,0.0
200111,534358,4,0.0
200111,534374,4,0.0
200111,533271,1,0.0
200111,533262,4,0.0
200111,533246,4,0.0
200111,533203,4,0.0
200111,531961,4,0.0
200111,532029,1,0.0
200111,532053,1,0.0
200111,532053,4,0.0
200111,532142,4,0.0
200111,532215,4,0.0
200111,532347,4,0.0
200111,532355,4,0.0
200111,532371,4,0.0
200111,532410,4,0.0
200110,579564,4,0.0
200111,532452,1,0.0
200111,532452,4,0.0
200111,532576,1,0.0
200111,532789,4,0.0
200111,532835,4,0.0
200111,532860,4,0.0
200111,532983,4,0.0
200111,532991,4,0.0
200111,533041,4,0.0
200111,533165,1,0.0
200111,534382,4,0.0
200111,534498,1,0.0
200111,537004,1,0.0
200111,535826,4,0.0
200111,535443,4,0.0
200111,535451,1,0.0
200111,535494,4,0.0
200111,535672,4,0.0
200111,535753,1,0.0
200111,535753,4,0.0
200111,535788,1,0.0
200111,535796,4,0.0
200111,535800,1,0.0
200111,535800,4,0.0
200111,535842,1,0.0
200111,534498,4,0.0
200111,535842,4,0.0
200111,535991,4,0.0
200111,536105,4,0.0
200111,536156,4,0.0
200111,536288,4,0.0
200111,536326,1,0.0
200111,536326,4,0.0
200111,536385,1,0.0
200111,536393,4,0.0
200111,536601,4,0.0
200111,535427,1,0.0
200111,535419,1,0.0
200111,535362,1,0.0
200111,535346,4,0.0
200111,534528,4,0.0
200111,534587,4,0.0
200111,534609,4,0.0
200111,534633,4,0.0
200111,534650,4,0.0
200111,534676,1,0.0
200111,534676,4,0.0
200111,534927,4,0.0
200111,534943,4,0.0
200111,534951,1,0.0
200111,534951,4,0.0
200111,535010,4,0.0
200111,535028,4,0.0
200111,535044,4,0.0
200111,535079,4,0.0
200111,535087,4,0.0
200111,535168,4,0.0
200111,535176,1,0.0
200111,535176,4,0.0
200111,535222,4,0.0
200111,535249,4,0.0
200111,545821,1,0.0
200111,545830,1,0.0
200111,563081,4,0.0
200111,558389,1,0.0
200111,557463,4,0.0
200111,557536,4,0.0
200111,557544,4,0.0
200111,557676,1,0.0
200111,557749,4,0.0
200111,557781,4,0.0
200111,558052,4,0.0
200111,558141,4,0.0
200111,558249,1,0.0
200111,558303,4,0.0
200111,558419,1,0.0
200111,557366,4,0.0
200111,558559,4,0.0
200111,558630,4,0.0
200111,558940,1,0.0
200111,559008,4,0.0
200111,559075,4,0.0
200111,559130,4,0.0
200111,559164,1,0.0
200111,559172,4,0.0
200111,559300,4,0.0
200111,559334,4,0.0
200111,557455,4,0.0
200111,557200,4,0.0
200111,545872,4,0.0
200111,556955,1,0.0
200111,556319,4,0.0
200111,556378,4,0.0
200111,556394,4,0.0
200111,556432,1,0.0
200111,556432,4,0.0
200111,556467,4,0.0
200111,556726,4,0.0
200111,556815,4,0.0
200111,556831,4,0.0
200111,556921,4,0.0
200111,556955,4,0.0
200111,557153,4,0.0
200111,556963,4,0.0
200111,557005,4,0.0
200111,557013,4,0.0
200111,557021,4,0.0
200111,557099,4,0.0
200111,557111,4,0.0
200111,557129,4,0.0
200111,557137,1,0.0
200111,557137,4,0.0
200111,557153,1,0.0
200111,559482,1,0.0
200111,559504,1,0.0
200111,559504,4,0.0
200111,562530,4,0.0
200111,561835,4,0.0
200111,561860,4,0.0
200111,561878,4,0.0
200111,562017,1,0.0
200111,562017,4,0.0
200111,562076,4,0.0
200111,562335,1,0.0
200111,562335,4,0.0
200111,562394,4,0.0
200111,562441,4,0.0
200111,562564,4,0.0
200111,559521,4,0.0
200111,562581,4,0.0
200111,562599,4,0.0
200111,562611,4,0.0
200111,562688,4,0.0
200111,562751,4,0.0
200111,562777,4,0.0
200111,562793,4,0.0
200111,562882,1,0.0
200111,562912,4,0.0
200111,562971,4,0.0
200111,561703,1,0.0
200111,561631,4,0.0
200111,561495,4,0.0
200111,561495,1,0.0
200111,559555,4,0.0
200111,559679,1,0.0
200111,559717,1,0.0
200111,559822,4,0.0
200111,559857,4,0.0
200111,559903,4,0.0
200111,559997,4,0.0
200111,560014,1,0.0
200111,560294,1,0.0
200111,560294,4,0.0
200111,560367,1,0.0
200111,560367,4,0.0
200111,560383,1,0.0
200111,560383,4,0.0
200111,560472,1,0.0
200111,560502,1,0.0
200111,560570,4,0.0
200111,560715,1,0.0
200111,560715,4,0.0
200111,561380,4,0.0
200111,561479,4,0.0
200111,556301,4,0.0
200111,556254,4,0.0
200111,556254,1,0.0
200111,550787,1,0.0
200111,549444,4,0.0
200111,549576,1,0.0
200111,549827,1,0.0
200111,550035,4,0.0
200111,550647,4,0.0
200111,550728,4,0.0
200111,550744,1,0.0
200111,550744,4,0.0
200111,550752,1,0.0
200111,550752,4,0.0
200111,550795,1,0.0
200111,552666,1,0.0
200111,550850,1,0.0
200111,550949,4,0.0
200111,550965,4,0.0
200111,551023,4,0.0
200111,551180,4,0.0
200111,551791,4,0.0
200111,551953,1,0.0
200111,552046,1,0.0
200111,552054,4,0.0
200111,552461,4,0.0
200111,549428,4,0.0
200111,549240,1,0.0
200111,548511,4,0.0
200111,548511,1,0.0
200111,545881,1,0.0
200111,545881,4,0.0
200111,545953,4,0.0
200111,546542,1,0.0
200111,546542,4,0.0
200111,546593,1,0.0
200111,546593,4,0.0
200111,546607,4,0.0
200111,546615,1,0.0
200111,546615,4,0.0
200111,546631,4,0.0
200111,546674,1,0.0
200111,546674,4,0.0
200111,546879,4,0.0
200111,547000,1,0.0
200111,547221,1,0.0
200111,547280,1,0.0
200111,547280,4,0.0
200111,547336,1,0.0
200111,547450,4,0.0
200111,548031,4,0.0
200111,552623,1,0.0
200111,552704,4,0.0
200111,556203,4,0.0
200111,555215,4,0.0
200111,554791,4,0.0
200111,554804,1,0.0
200111,554804,4,0.0
200111,554812,1,0.0
200111,554871,1,0.0
200111,554898,1,0.0
200111,554901,1,0.0
200111,554944,1,0.0
200111,554961,1,0.0
200111,555045,4,0.0
200111,555240,4,0.0
200111,552780,1,0.0
200111,555428,4,0.0
200111,555690,1,0.0
200111,555771,1,0.0
200111,555771,4,0.0
200111,555797,4,0.0
200111,555835,4,0.0
200111,555894,4,0.0
200111,556076,4,0.0
200111,556084,4,0.0
200111,556106,4,0.0
200111,554791,1,0.0
200111,554782,4,0.0
200111,554740,4,0.0
200111,554529,1,0.0
200111,553018,1,0.0
200111,553018,4,0.0
200111,553131,1,0.0
200111,553417,1,0.0
200111,553425,1,0.0
200111,553476,4,0.0
200111,553581,4,0.0
200111,553671,1,0.0
200111,553689,4,0.0
200111,553697,1,0.0
200111,553727,4,0.0
200111,553794,1,0.0
200111,553794,4,0.0
200111,553816,4,0.0
200111,553867,4,0.0
200111,553913,4,0.0
200111,553921,4,0.0
200111,554120,4,0.0
200111,554316,1,0.0
200111,554359,1,0.0
200111,554481,1,0.0
200110,579629,4,0.0
200110,579963,4,0.0
200110,579556,4,0.0
200110,540480,4,0.0
200110,540234,4,0.0
200110,540285,4,0.0
200110,540315,4,0.0
200110,540323,4,0.0
200110,540366,4,0.0
200110,540382,4,0.0
200110,540391,4,0.0
200110,540404,4,0.0
200110,540447,4,0.0
200110,540471,4,0.0
200110,540501,4,0.0
200110,540188,4,0.0
200110,540510,1,0.0
200110,540544,4,0.0
200110,540552,4,0.0
200110,540561,4,0.0
200110,540595,4,0.0
200110,540609,4,0.0
200110,540650,4,0.0
200110,540684,4,0.0
200110,540714,4,0.0
200110,540722,4,0.0
200110,540196,4,0.0
200110,540145,4,0.0
200110,540749,4,0.0
200110,539881,4,0.0
200110,539643,4,0.0
200110,539686,4,0.0
200110,539708,4,0.0
200110,539732,4,0.0
200110,539741,4,0.0
200110,539775,4,0.0
200110,539813,1,0.0
200110,539813,4,0.0
200110,539830,4,0.0
200110,539848,4,0.0
200110,539902,4,0.0
200110,540111,4,0.0
200110,539911,1,0.0
200110,539911,4,0.0
200110,539937,4,0.0
200110,539953,4,0.0
200110,540005,4,0.0
200110,540030,4,0.0
200110,540048,4,0.0
200110,540056,4,0.0
200110,540081,4,0.0
200110,540099,4,0.0
200110,540731,4,0.0
200110,540773,4,0.0
200110,539511,4,0.0
200110,541702,4,0.0
200110,541451,4,0.0
200110,541460,4,0.0
200110,541494,4,0.0
200110,541591,4,0.0
200110,541613,4,0.0
200110,541621,4,0.0
200110,541630,1,0.0
200110,541630,4,0.0
200110,541648,4,0.0
200110,541664,4,0.0
200110,541711,4,0.0
200110,541371,4,0.0
200110,541729,4,0.0
200110,541737,4,0.0
200110,541800,4,0.0
200110,541818,4,0.0
200110,541834,4,0.0
200110,541893,4,0.0
200110,541982,4,0.0
200110,542113,4,0.0
200110,542202,4,0.0
200110,542211,4,0.0
200110,541397,4,0.0
200110,541346,4,0.0
200110,540781,4,0.0
200110,541052,4,0.0
200110,540811,4,0.0
200110,540820,4,0.0
200110,540862,1,0.0
200110,540862,4,0.0
200110,540889,4,0.0
200110,540935,4,0.0
200110,540951,4,0.0
200110,540978,4,0.0
200110,540986,4,0.0
200110,541044,4,0.0
200110,541087,4,0.0
200110,541311,4,0.0
200110,541117,4,0.0
200110,541133,4,0.0
200110,541206,4,0.0
200110,541214,4,0.0
200110,541231,4,0.0
200110,541249,4,0.0
200110,541257,4,0.0
200110,541265,4,0.0
200110,541273,4,0.0
200110,541281,4,0.0
200110,539627,4,0.0
200110,539503,4,0.0
200110,550086,4,0.0
200110,537934,4,0.0
200110,537748,4,0.0
200110,537756,4,0.0
200110,537772,4,0.0
200110,537781,4,0.0
200110,537802,4,0.0
200110,537837,4,0.0
200110,537861,4,0.0
200110,537888,4,0.0
200110,537896,4,0.0
200110,537918,4,0.0
200110,537977,4,0.0
200110,537705,4,0.0
200110,537985,4,0.0
200110,537993,4,0.0
200110,538035,4,0.0
200110,538043,4,0.0
200110,538051,4,0.0
200110,538086,4,0.0
200110,538108,4,0.0
200110,538221,4,0.0
200110,538256,4,0.0
200110,538299,4,0.0
200110,537721,4,0.0
200110,537683,4,0.0
200110,538434,4,0.0
200110,537462,4,0.0
200110,537152,4,0.0
200110,537179,4,0.0
200110,537250,4,0.0
200110,537292,4,0.0
200110,537314,4,0.0
200110,537331,4,0.0
200110,537357,4,0.0
200110,537373,4,0.0
200110,537403,4,0.0
200110,537454,4,0.0
200110,537489,4,0.0
200110,537667,4,0.0
200110,537497,4,0.0
200110,537501,4,0.0
200110,537551,4,0.0
200110,537560,4,0.0
200110,537578,4,0.0
200110,537616,4,0.0
200110,537624,4,0.0
200110,537632,4,0.0
200110,537641,1,0.0
200110,537659,4,0.0
200110,538311,4,0.0
200110,538451,4,0.0
200110,539422,4,0.0
200110,539171,4,0.0
200110,539023,4,0.0
200110,539040,4,0.0
200110,539058,1,0.0
200110,539058,4,0.0
200110,539082,4,0.0
200110,539091,4,0.0
200110,539104,4,0.0
200110,539112,4,0.0
200110,539147,4,0.0
200110,539155,4,0.0
200110,539201,4,0.0
200110,538973,4,0.0
200110,539210,4,0.0
200110,539236,4,0.0
200110,539252,4,0.0
200110,539279,4,0.0
200110,539287,4,0.0
200110,539295,1,0.0
200110,539309,4,0.0
200110,539317,4,0.0
200110,539384,4,0.0
200110,539414,4,0.0
200110,539015,4,0.0
200110,538892,4,0.0
200110,538477,4,0.0
200110,538647,4,0.0
200110,538493,1,0.0
200110,538515,4,0.0
200110,538540,4,0.0
200110,538558,4,0.0
200110,538566,4,0.0
200110,538574,4,0.0
200110,538591,4,0.0
200110,538604,4,0.0
200110,538621,4,0.0
200110,538639,4,0.0
200110,538671,4,0.0
200110,538850,4,0.0
200110,538701,4,0.0
200110,538728,1,0.0
200110,538761,4,0.0
200110,538787,4,0.0
200110,538795,4,0.0
200110,538809,1,0.0
200110,538809,4,0.0
200110,538825,4,0.0
200110,538833,4,0.0
200110,538841,4,0.0
200110,542229,4,0.0
200110,542270,4,0.0
200110,542326,4,0.0
200110,547441,4,0.0
200110,547123,4,0.0
200110,547131,4,0.0
200110,547166,4,0.0
200110,547182,4,0.0
200110,547204,4,0.0
200110,547212,4,0.0
200110,547221,4,0.0
200110,547239,4,0.0
200110,547247,4,0.0
200110,547280,4,0.0
200110,547492,1,0.0
200110,547077,4,0.0
200110,547492,4,0.0
200110,547581,4,0.0
200110,547638,4,0.0
200110,547646,4,0.0
200110,547719,4,0.0
200110,547735,4,0.0
200110,547751,4,0.0
200110,547760,4,0.0
200110,547816,4,0.0
200110,547832,4,0.0
200110,547085,4,0.0
200110,547069,4,0.0
200110,547905,4,0.0
200110,546500,4,0.0
200110,546143,4,0.0
200110,546151,4,0.0
200110,546259,4,0.0
200110,546291,4,0.0
200110,546348,4,0.0
200110,546364,4,0.0
200110,546402,4,0.0
200110,546411,4,0.0
200110,546445,4,0.0
200110,546461,4,0.0
200110,546534,4,0.0
200110,547026,4,0.0
200110,546615,4,0.0
200110,546674,4,0.0
200110,546798,1,0.0
200110,546798,4,0.0
200110,546861,4,0.0
200110,546933,4,0.0
200110,546941,4,0.0
200110,546968,4,0.0
200110,547000,1,0.0
200110,547018,4,0.0
200110,547891,4,0.0
200110,547913,4,0.0
200110,542369,4,0.0
200110,549673,4,0.0
200110,549231,4,0.0
200110,549240,1,0.0
200110,549240,4,0.0
200110,549258,4,0.0
200110,549266,4,0.0
200110,549452,4,0.0
200110,549487,4,0.0
200110,549517,4,0.0
200110,579548,4,0.0
200110,549665,4,0.0
200110,549681,4,0.0
200110,549142,4,0.0
200110,549720,4,0.0
200110,549746,4,0.0
200110,549754,4,0.0
200110,549789,4,0.0
200110,549797,4,0.0
200110,549827,4,0.0
200110,549860,4,0.0
200110,549878,4,0.0
200110,550019,4,0.0
200110,550027,4,0.0
200110,549215,4,0.0
200110,549096,4,0.0
200110,547948,4,0.0
200110,548316,4,0.0
200110,547999,4,0.0
200110,548014,4,0.0
200110,548049,4,0.0
200110,548081,4,0.0
200110,548090,4,0.0
200110,548103,4,0.0
200110,548111,4,0.0
200110,548120,4,0.0
200110,548171,4,0.0
200110,548286,4,0.0
200110,548332,4,0.0
200110,548936,4,0.0
200110,548391,4,0.0
200110,548405,4,0.0
200110,548430,4,0.0
200110,548456,4,0.0
200110,548464,4,0.0
200110,548472,4,0.0
200110,548511,4,0.0
200110,548561,4,0.0
200110,548804,4,0.0
200110,548863,4,0.0
200110,546127,4,0.0
200110,546101,4,0.0
200110,546097,4,0.0
200110,544680,4,0.0
200110,544477,4,0.0
200110,544485,4,0.0
200110,544493,4,0.0
200110,544515,4,0.0
200110,544531,4,0.0
200110,544540,4,0.0
200110,544558,4,0.0
200110,544639,4,0.0
200110,544655,4,0.0
200110,544671,4,0.0
200110,544698,4,0.0
200110,544426,4,0.0
200110,544752,4,0.0
200110,544795,4,0.0
200110,544817,4,0.0
200110,544825,4,0.0
200110,544833,4,0.0
200110,544841,1,0.0
200110,544841,4,0.0
200110,544868,4,0.0
200110,544892,4,0.0
200110,544914,4,0.0
200110,544434,4,0.0
200110,544418,4,0.0
200110,546054,4,0.0
200110,542784,4,0.0
200110,542377,4,0.0
200110,542407,4,0.0
200110,542415,4,0.0
200110,542474,4,0.0
200110,542512,4,0.0
200110,542547,4,0.0
200110,542610,4,0.0
200110,542679,4,0.0
200110,542725,4,0.0
200110,542768,4,0.0
200110,542989,4,0.0
200110,544396,4,0.0
200110,542997,4,0.0
200110,543021,4,0.0
200110,544256,1,0.0
200110,544256,4,0.0
200110,544264,4,0.0
200110,544272,4,0.0
200110,544281,4,0.0
200110,544302,4,0.0
200110,544361,4,0.0
200110,544370,4,0.0
200110,544931,4,0.0
200110,544973,4,0.0
200110,544981,4,0.0
200110,545821,4,0.0
200110,545597,4,0.0
200110,545601,1,0.0
200110,545601,4,0.0
200110,545627,4,0.0
200110,545660,4,0.0
200110,545694,4,0.0
200110,545708,4,0.0
200110,545724,4,0.0
200110,545805,4,0.0
200110,545821,1,0.0
200110,545830,1,0.0
200110,544990,4,0.0
200110,545830,4,0.0
200110,545848,4,0.0
200110,545856,4,0.0
200110,545872,4,0.0
200110,545881,1,0.0
200110,545881,4,0.0
200110,545902,4,0.0
200110,545929,4,0.0
200110,546020,4,0.0
200110,546038,4,0.0
200110,545562,4,0.0
200110,545546,4,0.0
200110,545520,4,0.0
200110,545520,1,0.0
200110,545007,4,0.0
200110,545031,4,0.0
200110,545040,4,0.0
200110,545058,1,0.0
200110,545066,4,0.0
200110,545112,4,0.0
200110,545155,1,0.0
200110,545155,4,0.0
200110,545180,4,0.0
200110,545198,4,0.0
200110,545236,1,0.0
200110,545244,4,0.0
200110,545279,4,0.0
200110,545325,4,0.0
200110,545406,4,0.0
200110,545414,4,0.0
200110,545449,4,0.0
200110,545473,1,0.0
200110,545473,4,0.0
200110,545481,4,0.0
200110,545503,4,0.0
200110,537110,4,0.0
200110,537071,4,0.0
200110,537055,4,0.0
200110,525979,4,0.0
200110,517909,1,0.0
200110,517909,4,0.0
200110,519031,4,0.0
200110,519146,1,0.0
200110,520306,4,0.0
200110,523704,4,0.0
200110,523917,4,0.0
200110,524891,4,0.0
200110,525804,4,0.0
200110,525880,4,0.0
200110,526169,4,0.0
200110,517844,4,0.0
200110,529486,4,0.0
200110,529702,4,0.0
200110,529737,4,0.0
200110,529842,4,0.0
200110,529931,4,0.0
200110,529974,4,0.0
200110,530107,4,0.0
200110,530115,4,0.0
200110,530131,4,0.0
200110,530166,4,0.0
200110,517887,4,0.0
200110,517747,4,0.0
200110,530212,4,0.0
200110,515191,4,0.0
200110,513661,4,0.0
200110,513733,1,0.0
200110,513750,4,0.0
200110,513873,4,0.0
200110,514055,4,0.0
200110,514152,4,0.0
200110,514471,4,0.0
200110,514497,4,0.0
200110,514705,4,0.0
200110,514772,4,0.0
200110,516201,4,0.0
200110,517666,4,0.0
200110,516350,4,0.0
200110,516619,4,0.0
200110,516635,4,0.0
200110,516686,4,0.0
200110,516864,4,0.0
200110,516899,4,0.0
200110,517101,4,0.0
200110,517445,4,0.0
200110,517534,4,0.0
200110,517607,4,0.0
200110,530182,4,0.0
200110,530263,4,0.0
200110,531782,4,0.0
200110,531481,4,0.0
200110,531227,4,0.0
200110,531243,4,0.0
200110,531278,4,0.0
200110,531286,4,0.0
200110,531341,4,0.0
200110,531359,4,0.0
200110,531430,4,0.0
200110,531448,4,0.0
200110,531456,4,0.0
200110,531472,4,0.0
200110,531502,4,0.0
200110,531189,1,0.0
200110,531511,4,0.0
200110,531529,4,0.0
200110,531553,4,0.0
200110,531561,4,0.0
200110,531588,4,0.0
200110,531596,4,0.0
200110,531618,4,0.0
200110,531626,4,0.0
200110,531693,4,0.0
200110,531723,1,0.0
200110,531197,4,0.0
200110,531171,4,0.0
200110,530301,4,0.0
200110,530760,4,0.0
200110,530310,1,0.0
200110,530344,4,0.0
200110,530450,4,0.0
200110,530531,4,0.0
200110,530573,4,0.0
200110,530581,4,0.0
200110,530590,4,0.0
200110,530620,4,0.0
200110,530689,4,0.0
200110,530701,4,0.0
200110,530841,4,0.0
200110,531146,4,0.0
200110,530859,4,0.0
200110,530891,4,0.0
200110,530921,4,0.0
200110,530999,4,0.0
200110,531006,4,0.0
200110,531057,1,0.0
200110,531057,4,0.0
200110,531073,4,0.0
200110,531081,4,0.0
200110,531090,4,0.0
200110,513636,4,0.0
200110,513547,4,0.0
200110,513512,4,0.0
200110,505668,4,0.0
200110,504921,4,0.0
200110,505005,4,0.0
200110,505099,4,0.0
200110,505161,4,0.0
200110,505218,4,0.0
200110,505293,4,0.0
200110,505501,4,0.0
200110,505587,4,0.0
200110,505609,4,0.0
200110,505650,4,0.0
200110,505862,4,0.0
200110,504246,4,0.0
200110,505927,1,0.0
200110,505927,4,0.0
200110,506192,4,0.0
200110,506320,1,0.0
200110,506320,4,0.0
200110,506702,4,0.0
200110,506729,4,0.0
200110,507016,1,0.0
200110,507105,4,0.0
200110,507113,1,0.0
200110,504441,4,0.0
200110,503916,4,0.0
200110,513491,4,0.0
200110,501476,4,0.0
200110,500259,4,0.0
200110,500291,4,0.0
200110,500496,1,0.0
200110,500496,4,0.0
200110,500526,4,0.0
200110,500623,4,0.0
200110,500801,4,0.0
200110,500852,4,0.0
200110,500861,4,0.0
200110,500879,4,0.0
200110,501751,4,0.0
200110,503738,4,0.0
200110,501794,4,0.0
200110,501841,4,0.0
200110,502146,4,0.0
200110,502235,4,0.0
200110,502405,4,0.0
200110,502839,4,0.0
200110,503304,4,0.0
200110,503444,4,0.0
200110,503622,4,0.0
200110,503657,4,0.0
200110,507181,4,0.0
200110,507270,4,0.0
200110,507334,4,0.0
200110,513067,4,0.0
200110,511633,4,0.0
200110,512532,4,0.0
200110,512800,4,0.0
200110,512869,4,0.0
200110,512893,4,0.0
200110,512907,4,0.0
200110,512923,4,0.0
200110,512982,4,0.0
200110,512991,4,0.0
200110,513032,4,0.0
200110,513075,4,0.0
200110,507547,4,0.0
200110,513105,4,0.0
200110,513130,4,0.0
200110,513199,4,0.0
200110,513202,4,0.0
200110,513229,4,0.0
200110,513261,4,0.0
200110,513270,4,0.0
200110,513415,4,0.0
200110,513423,4,0.0
200110,513431,4,0.0
200110,511587,4,0.0
200110,511382,4,0.0
200110,511382,1,0.0
200110,511161,4,0.0
200110,507580,4,0.0
200110,507717,4,0.0
200110,507920,4,0.0
200110,507971,4,0.0
200110,508128,1,0.0
200110,508144,4,0.0
200110,509108,4,0.0
200110,509116,4,0.0
200110,509141,4,0.0
200110,509418,4,0.0
200110,509647,4,0.0
200110,509736,4,0.0
200110,510131,4,0.0
200110,510289,4,0.0
200110,510378,4,0.0
200110,510483,4,0.0
200110,510491,4,0.0
200110,510882,4,0.0
200110,510939,4,0.0
200110,510980,4,0.0
200110,511081,4,0.0
200110,531766,4,0.0
200110,531812,4,0.0
200110,537039,4,0.0
200110,535028,4,0.0
200110,534820,4,0.0
200110,534838,4,0.0
200110,534897,4,0.0
200110,534901,4,0.0
200110,534919,4,0.0
200110,534951,1,0.0
200110,534951,4,0.0
200110,534960,4,0.0
200110,534994,4,0.0
200110,535001,4,0.0
200110,535036,4,0.0
200110,534773,4,0.0
200110,535044,4,0.0
200110,535052,4,0.0
200110,535061,4,0.0
200110,535109,4,0.0
200110,535117,4,0.0
200110,535125,4,0.0
200110,535133,4,0.0
200110,535141,4,0.0
200110,535184,4,0.0
200110,535192,4,0.0
200110,534781,4,0.0
200110,534765,4,0.0
200110,535257,1,0.0
200110,534501,4,0.0
200110,534200,4,0.0
200110,534218,4,0.0
200110,534277,4,0.0
200110,534285,4,0.0
200110,534331,4,0.0
200110,534340,4,0.0
200110,534421,4,0.0
200110,534439,4,0.0
200110,534471,4,0.0
200110,534480,4,0.0
200110,534536,4,0.0
200110,534731,4,0.0
200110,534544,4,0.0
200110,534561,4,0.0
200110,534595,4,0.0
200110,534617,4,0.0
200110,534625,4,0.0
200110,534633,1,0.0
200110,534641,4,0.0
200110,534668,4,0.0
200110,534676,1,0.0
200110,534722,4,0.0
200110,535206,4,0.0
200110,535257,4,0.0
200110,531847,4,0.0
200110,536440,4,0.0
200110,535974,4,0.0
200110,536024,4,0.0
200110,536041,4,0.0
200110,536091,4,0.0
200110,536113,4,0.0
200110,536130,4,0.0
200110,536148,4,0.0
200110,536181,4,0.0
200110,536270,4,0.0
200110,536385,4,0.0
200110,536466,4,0.0
200110,535923,4,0.0
200110,536491,4,0.0
200110,536571,4,0.0
200110,536610,4,0.0
200110,536661,4,0.0
200110,536687,4,0.0
200110,536768,4,0.0
200110,536849,4,0.0
200110,536971,4,0.0
200110,537004,4,0.0
200110,537021,4,0.0
200110,535966,4,0.0
200110,535877,4,0.0
200110,535265,4,0.0
200110,535494,4,0.0
200110,535273,4,0.0
200110,535290,4,0.0
200110,535303,4,0.0
200110,535338,4,0.0
200110,535389,4,0.0
200110,535397,4,0.0
200110,535419,4,0.0
200110,535427,4,0.0
200110,535451,4,0.0
200110,535478,4,0.0
200110,535516,4,0.0
200110,535818,4,0.0
200110,535532,4,0.0
200110,535559,4,0.0
200110,535583,4,0.0
200110,535605,4,0.0
200110,535664,4,0.0
200110,535702,4,0.0
200110,535729,4,0.0
200110,535753,1,0.0
200110,535753,4,0.0
200110,535788,4,0.0
200110,534196,4,0.0
200110,534188,4,0.0
200110,534170,4,0.0
200110,532908,4,0.0
200110,532673,4,0.0
200110,532681,4,0.0
200110,532720,4,0.0
200110,532738,4,0.0
200110,532754,4,0.0
200110,532789,4,0.0
200110,532801,4,0.0
200110,532827,4,0.0
200110,532851,4,0.0
200110,532894,4,0.0
200110,532959,4,0.0
200110,532622,4,0.0
200110,532975,4,0.0
200110,532983,4,0.0
200110,533017,4,0.0
200110,533025,4,0.0
200110,533041,4,0.0
200110,533050,4,0.0
200110,533068,4,0.0
200110,533092,4,0.0
200110,533114,4,0.0
200110,533122,4,0.0
200110,532665,4,0.0
200110,532576,4,0.0
200110,534161,4,0.0
200110,532207,4,0.0
200110,531863,4,0.0
200110,531901,4,0.0
200110,531928,4,0.0
200110,531979,4,0.0
200110,531995,4,0.0
200110,532053,1,0.0
200110,532053,4,0.0
200110,532118,4,0.0
200110,532126,4,0.0
200110,532185,4,0.0
200110,532223,4,0.0
200110,532550,4,0.0
200110,532274,4,0.0
200110,532312,4,0.0
200110,532339,4,0.0
200110,532363,4,0.0
200110,532398,4,0.0
200110,532444,4,0.0
200110,532452,1,0.0
200110,532487,4,0.0
200110,532495,4,0.0
200110,532533,4,0.0
200110,533149,4,0.0
200110,533157,4,0.0
200110,533165,1,0.0
200110,533955,4,0.0
200110,533726,1,0.0
200110,533726,4,0.0
200110,533734,4,0.0
200110,533742,4,0.0
200110,533769,4,0.0
200110,533777,4,0.0
200110,533807,4,0.0
200110,533823,4,0.0
200110,533831,4,0.0
200110,533866,4,0.0
200110,533971,4,0.0
200110,533165,4,0.0
200110,533980,4,0.0
200110,533998,1,0.0
200110,533998,4,0.0
200110,534013,4,0.0
200110,534021,4,0.0
200110,534056,4,0.0
200110,534081,4,0.0
200110,534102,4,0.0
200110,534137,4,0.0
200110,534153,4,0.0
200110,533661,4,0.0
200110,533653,4,0.0
200110,533645,4,0.0
200110,533602,4,0.0
200110,533173,4,0.0
200110,533220,4,0.0
200110,533238,4,0.0
200110,533289,4,0.0
200110,533297,4,0.0
200110,533301,4,0.0
200110,533343,4,0.0
200110,533360,4,0.0
200110,533386,4,0.0
200110,533394,4,0.0
200110,533408,4,0.0
200110,533416,4,0.0
200110,533432,4,0.0
200110,533441,4,0.0
200110,533467,4,0.0
200110,533491,4,0.0
200110,533505,4,0.0
200110,533513,4,0.0
200110,533556,4,0.0
200110,533564,4,0.0
200110,533572,4,0.0
200110,550051,4,0.0
200110,549533,4,0.0
200110,550108,4,0.0
200110,571008,4,0.0
200110,570109,4,0.0
200110,570125,4,0.0
200110,570133,4,0.0
200110,570184,4,0.0
200110,570206,4,0.0
200110,570265,4,0.0
200110,570303,1,0.0
200110,570303,4,0.0
200110,570311,4,0.0
200110,570320,4,0.0
200110,570346,4,0.0
200110,570397,4,0.0
200110,570435,4,0.0
200110,570478,4,0.0
200110,570494,4,0.0
200110,570508,1,0.0
200110,570516,4,0.0
200110,570567,4,0.0
200110,570672,4,0.0
200110,570796,4,0.0
200110,570826,4,0.0
200110,570851,4,0.0
200110,570877,4,0.0
200110,570087,4,0.0
200110,570061,4,0.0
200110,570001,4,0.0
200110,569640,4,0.0
200110,569402,4,0.0
200110,569437,4,0.0
200110,569445,4,0.0
200110,569453,4,0.0
200110,569470,4,0.0
200110,569518,4,0.0
200110,569534,4,0.0
200110,569585,4,0.0
200110,569593,4,0.0
200110,569615,4,0.0
200110,569658,4,0.0
200110,569968,4,0.0
200110,569674,4,0.0
200110,569691,4,0.0
200110,569771,1,0.0
200110,569798,4,0.0
200110,569801,4,0.0
200110,569810,1,0.0
200110,569810,4,0.0
200110,569852,4,0.0
200110,569879,4,0.0
200110,569895,4,0.0
200110,570885,4,0.0
200110,571105,4,0.0
200110,569348,4,0.0
200110,571113,4,0.0
200110,571954,4,0.0
200110,571962,4,0.0
200110,572039,4,0.0
200110,572071,1,0.0
200110,572071,4,0.0
200110,572152,4,0.0
200110,572179,4,0.0
200110,572225,4,0.0
200110,572241,4,0.0
200110,572268,4,0.0
200110,572276,4,0.0
200110,572322,4,0.0
200110,572349,4,0.0
200110,572420,4,0.0
200110,572446,4,0.0
200110,572454,4,0.0
200110,572471,4,0.0
200110,572535,4,0.0
200110,572560,4,0.0
200110,572632,4,0.0
200110,572691,1,0.0
200110,572691,4,0.0
200110,572829,4,0.0
200110,571911,1,0.0
200110,571903,4,0.0
200110,571873,4,0.0
200110,571431,4,0.0
200110,571121,4,0.0
200110,571164,4,0.0
200110,571199,4,0.0
200110,571245,4,0.0
200110,571261,4,0.0
200110,571288,4,0.0
200110,571326,4,0.0
200110,571342,4,0.0
200110,571351,4,0.0
200110,571385,4,0.0
200110,571491,1,0.0
200110,571822,4,0.0
200110,571491,4,0.0
200110,571504,4,0.0
200110,571539,4,0.0
200110,571628,4,0.0
200110,571636,4,0.0
200110,571717,4,0.0
200110,571776,1,0.0
200110,571776,4,0.0
200110,571784,4,0.0
200110,571792,4,0.0
200110,569356,4,0.0
200110,569321,4,0.0
200110,572900,4,0.0
200110,568236,4,0.0
200110,567027,1,0.0
200110,567027,4,0.0
200110,567043,4,0.0
200110,567141,4,0.0
200110,567302,4,0.0
200110,567477,4,0.0
200110,567515,1,0.0
200110,567523,4,0.0
200110,567531,4,0.0
200110,567582,4,0.0
200110,567639,4,0.0
200110,567655,4,0.0
200110,567710,4,0.0
200110,567787,4,0.0
200110,567931,4,0.0
200110,568015,4,0.0
200110,568058,4,0.0
200110,568091,4,0.0
200110,568104,4,0.0
200110,568147,4,0.0
200110,568180,4,0.0
200110,568201,4,0.0
200110,568210,4,0.0
200110,567001,4,0.0
200110,566977,4,0.0
200110,566951,4,0.0
200110,566454,4,0.0
200110,565962,4,0.0
200110,565997,4,0.0
200110,566004,4,0.0
200110,566012,4,0.0
200110,550124,4,0.0
200110,566144,4,0.0
200110,566233,4,0.0
200110,566241,4,0.0
200110,566314,4,0.0
200110,566349,4,0.0
200110,566501,4,0.0
200110,566896,4,0.0
200110,566527,4,0.0
200110,566535,4,0.0
200110,566560,4,0.0
200110,566578,4,0.0
200110,566624,4,0.0
200110,566667,4,0.0
200110,566713,4,0.0
200110,566721,4,0.0
200110,566799,4,0.0
200110,566853,4,0.0
200110,568228,4,0.0
200110,568244,4,0.0
200110,569291,4,0.0
200110,568295,4,0.0
200110,568775,4,0.0
200110,568791,4,0.0
200110,568813,4,0.0
200110,568821,4,0.0
200110,568872,4,0.0
200110,568911,4,0.0
200110,568929,4,0.0
200110,568961,4,0.0
200110,569003,4,0.0
200110,569011,4,0.0
200110,569038,4,0.0
200110,569046,4,0.0
200110,569062,4,0.0
200110,569089,4,0.0
200110,569101,4,0.0
200110,569119,4,0.0
200110,569135,4,0.0
200110,569160,4,0.0
200110,569178,4,0.0
200110,569186,4,0.0
200110,569216,4,0.0
200110,569224,4,0.0
200110,569259,4,0.0
200110,568759,4,0.0
200110,568732,4,0.0
200110,568716,4,0.0
200110,568431,4,0.0
200110,568309,4,0.0
200110,568317,4,0.0
200110,568333,4,0.0
200110,568341,4,0.0
200110,568350,4,0.0
200110,568368,4,0.0
200110,568392,4,0.0
200110,568406,4,0.0
200110,568414,1,0.0
200110,568414,4,0.0
200110,568481,4,0.0
200110,568708,4,0.0
200110,568503,4,0.0
200110,568511,4,0.0
200110,568520,4,0.0
200110,568538,4,0.0
200110,568554,4,0.0
200110,568601,4,0.0
200110,568643,4,0.0
200110,568660,4,0.0
200110,568686,1,0.0
200110,568686,4,0.0
200110,572837,4,0.0
200110,572926,4,0.0
200110,565938,4,0.0
200110,578134,4,0.0
200110,577341,4,0.0
200110,577430,4,0.0
200110,577456,4,0.0
200110,577472,4,0.0
200110,577529,4,0.0
200110,577570,4,0.0
200110,577642,4,0.0
200110,577651,4,0.0
200110,577669,4,0.0
200110,577707,4,0.0
200110,577731,1,0.0
200110,577731,4,0.0
200110,577774,4,0.0
200110,577839,4,0.0
200110,577871,4,0.0
200110,577910,4,0.0
200110,577928,4,0.0
200110,577944,4,0.0
200110,577961,4,0.0
200110,577987,4,0.0
200110,578002,4,0.0
200110,578029,4,0.0
200110,578096,4,0.0
200110,577316,4,0.0
200110,577308,4,0.0
200110,577294,4,0.0
200110,576786,4,0.0
200110,576492,4,0.0
200110,576549,4,0.0
200110,576581,4,0.0
200110,576603,4,0.0
200110,576620,4,0.0
200110,576662,4,0.0
200110,576671,4,0.0
200110,576701,4,0.0
200110,576727,4,0.0
200110,576778,4,0.0
200110,576824,4,0.0
200110,577162,4,0.0
200110,576832,4,0.0
200110,576841,4,0.0
200110,576859,4,0.0
200110,576875,4,0.0
200110,576883,4,0.0
200110,576948,4,0.0
200110,576956,4,0.0
200110,576981,4,0.0
200110,576999,4,0.0
200110,577057,4,0.0
200110,578126,4,0.0
200110,578151,4,0.0
200110,576468,4,0.0
200110,578193,4,0.0
200110,578827,4,0.0
200110,578886,4,0.0
200110,578908,4,0.0
200110,579025,1,0.0
200110,579041,1,0.0
200110,579041,4,0.0
200110,579050,4,0.0
200110,579068,4,0.0
200110,579106,4,0.0
200110,579122,1,0.0
200110,579190,4,0.0
200110,579203,1,0.0
200110,579211,4,0.0
200110,579271,4,0.0
200110,579297,4,0.0
200110,579319,4,0.0
200110,579327,4,0.0
200110,579335,4,0.0
200110,579378,4,0.0
200110,579408,4,0.0
200110,579459,4,0.0
200110,579467,4,0.0
200110,579491,4,0.0
200110,578789,4,0.0
200110,578754,4,0.0
200110,578720,4,0.0
200110,578444,1,0.0
200110,578207,4,0.0
200110,578231,4,0.0
200110,578258,4,0.0
200110,578274,4,0.0
200110,578282,4,0.0
200110,578304,4,0.0
200110,578347,1,0.0
200110,578347,4,0.0
200110,578380,4,0.0
200110,578401,4,0.0
200110,578444,4,0.0
200110,578711,1,0.0
200110,578479,4,0.0
200110,578487,4,0.0
200110,578509,4,0.0
200110,578576,4,0.0
200110,578584,4,0.0
200110,578649,4,0.0
200110,578657,4,0.0
200110,578665,4,0.0
200110,578673,4,0.0
200110,578681,4,0.0
200110,576476,4,0.0
200110,576450,4,0.0
200110,572969,4,0.0
200110,574694,4,0.0
200110,574163,4,0.0
200110,574180,4,0.0
200110,574228,4,0.0
200110,574261,4,0.0
200110,574287,4,0.0
200110,574295,4,0.0
200110,574309,4,0.0
200110,574317,4,0.0
200110,574325,4,0.0
200110,574350,4,0.0
200110,574376,4,0.0
200110,574384,4,0.0
200110,574422,4,0.0
200110,574431,4,0.0
200110,574481,4,0.0
200110,574490,4,0.0
200110,574511,4,0.0
200110,574546,4,0.0
200110,574562,4,0.0
200110,574571,4,0.0
200110,574589,4,0.0
200110,574635,4,0.0
200110,574651,4,0.0
200110,574155,4,0.0
200110,574139,4,0.0
200110,574112,4,0.0
200110,573540,4,0.0
200110,573001,4,0.0
200110,573060,4,0.0
200110,573094,4,0.0
200110,573116,4,0.0
200110,573167,4,0.0
200110,573205,4,0.0
200110,573213,4,0.0
200110,573299,4,0.0
200110,573469,4,0.0
200110,573477,4,0.0
200110,573566,4,0.0
200110,574058,4,0.0
200110,573582,4,0.0
200110,573655,4,0.0
200110,573809,4,0.0
200110,573914,4,0.0
200110,573922,1,0.0
200110,573922,4,0.0
200110,573957,4,0.0
200110,573990,1,0.0
200110,573990,4,0.0
200110,574040,4,0.0
200110,574660,4,0.0
200110,574708,4,0.0
200110,576425,4,0.0
200110,574724,4,0.0
200110,575844,4,0.0
200110,575879,4,0.0
200110,575925,4,0.0
200110,575941,4,0.0
200110,576000,4,0.0
200110,576026,4,0.0
200110,576069,1,0.0
200110,576077,4,0.0
200110,576093,4,0.0
200110,576107,4,0.0
200110,576123,4,0.0
200110,576131,4,0.0
200110,576166,4,0.0
200110,576182,4,0.0
200110,576191,4,0.0
200110,576204,4,0.0
200110,576221,4,0.0
200110,576247,4,0.0
200110,576336,4,0.0
200110,576352,4,0.0
200110,576361,4,0.0
200110,576395,4,0.0
200110,576409,4,0.0
200110,575810,4,0.0
200110,575771,4,0.0
200110,575739,4,0.0
200110,575089,4,0.0
200110,574767,4,0.0
200110,574805,4,0.0
200110,574856,4,0.0
200110,574864,4,0.0
200110,574929,4,0.0
200110,574953,4,0.0
200110,574988,4,0.0
200110,575011,4,0.0
200110,575054,4,0.0
200110,575071,4,0.0
200110,575101,4,0.0
200110,575721,4,0.0
200110,575372,4,0.0
200110,575399,4,0.0
200110,575429,4,0.0
200110,575437,4,0.0
200110,575534,4,0.0
200110,575551,4,0.0
200110,575593,1,0.0
200110,575593,4,0.0
200110,575607,4,0.0
200110,575704,4,0.0
200110,565946,4,0.0
200110,566071,4,0.0
200110,565911,4,0.0
200110,553948,4,0.0
200110,553557,4,0.0
200110,553671,4,0.0
200110,553697,1,0.0
200110,553697,4,0.0
200110,553743,4,0.0
200110,553760,4,0.0
200110,553786,4,0.0
200110,553841,4,0.0
200110,553891,4,0.0
200110,553905,4,0.0
200110,553981,4,0.0
200110,554499,1,0.0
200110,554057,4,0.0
200110,554065,4,0.0
200110,554073,4,0.0
200110,554090,4,0.0
200110,554111,4,0.0
200110,554138,4,0.0
200110,554146,4,0.0
200110,554359,4,0.0
200110,554383,4,0.0
200110,554464,4,0.0
200110,553531,4,0.0
200110,553514,4,0.0
200110,553492,4,0.0
200110,553484,4,0.0
200110,553051,4,0.0
200110,553069,4,0.0
200110,553131,1,0.0
200110,553131,4,0.0
200110,553140,4,0.0
200110,553158,4,0.0
200110,553204,4,0.0
200110,553221,4,0.0
200110,553239,4,0.0
200110,553247,4,0.0
200110,553263,4,0.0
200110,553271,4,0.0
200110,553301,4,0.0
200110,553336,4,0.0
200110,553344,4,0.0
200110,553379,4,0.0
200110,553417,1,0.0
200110,553425,4,0.0
200110,553450,4,0.0
200110,553468,4,0.0
200110,553476,4,0.0
200110,554481,4,0.0
200110,554499,4,0.0
200110,553018,4,0.0
200110,555525,4,0.0
200110,555258,4,0.0
200110,555266,4,0.0
200110,555312,4,0.0
200110,555347,4,0.0
200110,555363,4,0.0
200110,555380,4,0.0
200110,555398,4,0.0
200110,555428,1,0.0
200110,555452,4,0.0
200110,565903,4,0.0
200110,555550,4,0.0
200110,554502,4,0.0
200110,555584,4,0.0
200110,555631,4,0.0
200110,555762,4,0.0
200110,555771,1,0.0
200110,556041,4,0.0
200110,556068,4,0.0
200110,556181,4,0.0
200110,556858,4,0.0
200110,556955,4,0.0
200110,556971,4,0.0
200110,555240,4,0.0
200110,555231,4,0.0
200110,555223,4,0.0
200110,555207,4,0.0
200110,554511,4,0.0
200110,554529,4,0.0
200110,554545,4,0.0
200110,554553,4,0.0
200110,554618,4,0.0
200110,554634,4,0.0
200110,554642,4,0.0
200110,554651,4,0.0
200110,554677,4,0.0
200110,554693,4,0.0
200110,554791,1,0.0
200110,554791,4,0.0
200110,554812,4,0.0
200110,554863,4,0.0
200110,554871,4,0.0
200110,554936,4,0.0
200110,554944,4,0.0
200110,554952,4,0.0
200110,555134,1,0.0
200110,555169,4,0.0
200110,555185,4,0.0
200110,553026,4,0.0
200110,553018,1,0.0
200110,556998,4,0.0
200110,551333,4,0.0
200110,550574,4,0.0
200110,550710,4,0.0
200110,550728,4,0.0
200110,550744,4,0.0
200110,550752,4,0.0
200110,550779,4,0.0
200110,550787,1,0.0
200110,550787,4,0.0
200110,550825,4,0.0
200110,550949,4,0.0
200110,551473,4,0.0
200110,551805,4,0.0
200110,551490,4,0.0
200110,551538,4,0.0
200110,551562,4,0.0
200110,551627,4,0.0
200110,551643,4,0.0
200110,551694,4,0.0
200110,551724,4,0.0
200110,551732,4,0.0
200110,551741,1,0.0
200110,551767,4,0.0
200110,550558,4,0.0
200110,550540,4,0.0
200110,550531,4,0.0
200110,550523,4,0.0
200110,550132,4,0.0
200110,550167,4,0.0
200110,550183,4,0.0
200110,550205,4,0.0
200110,550213,4,0.0
200110,550221,4,0.0
200110,550230,4,0.0
200110,550248,4,0.0
200110,550264,4,0.0
200110,550272,4,0.0
200110,550299,4,0.0
200110,550329,4,0.0
200110,550345,4,0.0
200110,550388,4,0.0
200110,550418,4,0.0
200110,550426,4,0.0
200110,550434,4,0.0
200110,550451,4,0.0
200110,550469,4,0.0
200110,550493,4,0.0
200110,550507,4,0.0
200110,551791,4,0.0
200110,551911,4,0.0
200110,552992,4,0.0
200110,552674,4,0.0
200110,552470,4,0.0
200110,552488,4,0.0
200110,552496,4,0.0
200110,552569,4,0.0
200110,552607,4,0.0
200110,552615,4,0.0
200110,552623,1,0.0
200110,552623,4,0.0
200110,552631,4,0.0
200110,552658,4,0.0
200110,552682,4,0.0
200110,551929,4,0.0
200110,552721,4,0.0
200110,552739,4,0.0
200110,552780,4,0.0
200110,552801,4,0.0
200110,552828,4,0.0
200110,552844,4,0.0
200110,552879,4,0.0
200110,552895,4,0.0
200110,552909,4,0.0
200110,552917,4,0.0
200110,552445,4,0.0
200110,552411,4,0.0
200110,552402,4,0.0
200110,552372,4,0.0
200110,551945,4,0.0
200110,551953,1,0.0
200110,552046,4,0.0
200110,552071,4,0.0
200110,552089,4,0.0
200110,552101,4,0.0
200110,552151,4,0.0
200110,552160,4,0.0
200110,552178,4,0.0
200110,552186,4,0.0
200110,552208,4,0.0
200110,552216,4,0.0
200110,552232,4,0.0
200110,552241,4,0.0
200110,552259,4,0.0
200110,552267,4,0.0
200110,552283,4,0.0
200110,552313,4,0.0
200110,552348,4,0.0
200110,552356,4,0.0
200110,552372,1,0.0
200110,556980,4,0.0
200110,555479,4,0.0
200110,557030,4,0.0
200110,563501,4,0.0
200110,562050,4,0.0
200110,562076,4,0.0
200110,562092,4,0.0
200110,562165,4,0.0
200110,562220,4,0.0
200110,562262,4,0.0
200110,562297,4,0.0
200110,562335,1,0.0
200110,562351,4,0.0
200110,562416,4,0.0
200110,562467,4,0.0
200110,562505,4,0.0
200110,562581,4,0.0
200110,562661,4,0.0
200110,562718,4,0.0
200110,562823,4,0.0
200110,562882,4,0.0
200110,562947,4,0.0
200110,562971,1,0.0
200110,562998,4,0.0
200110,563013,4,0.0
200110,563111,4,0.0
200110,563137,4,0.0
200110,562009,4,0.0
200110,561983,4,0.0
200110,561967,4,0.0
200110,561258,4,0.0
200110,560812,1,0.0
200110,560863,4,0.0
200110,560901,4,0.0
200110,560928,4,0.0
200110,561002,4,0.0
200110,561053,4,0.0
200110,561169,1,0.0
200110,561169,4,0.0
200110,561215,1,0.0
200110,561215,4,0.0
200110,561380,1,0.0
200110,561886,4,0.0
200110,561398,4,0.0
200110,561410,4,0.0
200110,561541,4,0.0
200110,561584,4,0.0
200110,561681,4,0.0
200110,561703,1,0.0
200110,561703,4,0.0
200110,561746,4,0.0
200110,561797,4,0.0
200110,561851,4,0.0
200110,563404,4,0.0
200110,563510,1,0.0
200110,560740,4,0.0
200110,563510,4,0.0
200110,564770,4,0.0
200110,564818,4,0.0
200110,564869,4,0.0
200110,564877,4,0.0
200110,564915,4,0.0
200110,564923,4,0.0
200110,564940,4,0.0
200110,564974,4,0.0
200110,564982,4,0.0
200110,565016,4,0.0
200110,565075,4,0.0
200110,565091,4,0.0
200110,565148,4,0.0
200110,565211,4,0.0
200110,565229,1,0.0
200110,565253,4,0.0
200110,565288,4,0.0
200110,565644,4,0.0
200110,565679,4,0.0
200110,565741,4,0.0
200110,565831,4,0.0
200110,565849,4,0.0
200110,565857,4,0.0
200110,564761,4,0.0
200110,564711,4,0.0
200110,564681,4,0.0
200110,563994,4,0.0
200110,563579,4,0.0
200110,563633,4,0.0
200110,563641,4,0.0
200110,563692,4,0.0
200110,563706,4,0.0
200110,563790,4,0.0
200110,563803,4,0.0
200110,563871,4,0.0
200110,563889,1,0.0
200110,563901,4,0.0
200110,564087,4,0.0
200110,564656,4,0.0
200110,564095,4,0.0
200110,564109,4,0.0
200110,564184,4,0.0
200110,564290,4,0.0
200110,564346,4,0.0
200110,564354,4,0.0
200110,564435,4,0.0
200110,564532,4,0.0
200110,564541,4,0.0
200110,564613,4,0.0
200110,560758,4,0.0
200110,561134,1,0.0
200110,560685,4,0.0
200110,559270,4,0.0
200110,558877,4,0.0
200110,558885,4,0.0
200110,558940,1,0.0
200110,558940,4,0.0
200110,558966,4,0.0
200110,558974,4,0.0
200110,559059,1,0.0
200110,559067,4,0.0
200110,559211,4,0.0
200110,559261,4,0.0
200110,559288,4,0.0
200110,558834,4,0.0
200110,559318,4,0.0
200110,559491,4,0.0
200110,559580,4,0.0
200110,559661,4,0.0
200110,559679,1,0.0
200110,559695,4,0.0
200110,559709,4,0.0
200110,559717,1,0.0
200110,559717,4,0.0
200110,559725,4,0.0
200110,558851,4,0.0
200110,558796,4,0.0
200110,559776,4,0.0
200110,557951,4,0.0
200110,557102,4,0.0
200110,557218,4,0.0
200110,557382,4,0.0
200110,557587,4,0.0
200110,557641,4,0.0
200110,557676,4,0.0
200110,557731,4,0.0
200110,557773,4,0.0
200110,557838,4,0.0
200110,557846,4,0.0
200110,558028,4,0.0
200110,558770,4,0.0
200110,558044,4,0.0
200110,558184,4,0.0
200110,558257,4,0.0
200110,558346,4,0.0
200110,558389,4,0.0
200110,558460,4,0.0
200110,558567,4,0.0
200110,558583,4,0.0
200110,558605,4,0.0
200110,558745,4,0.0
200110,559750,4,0.0
200110,559563,4,0.0
200110,559792,4,0.0
200110,560472,4,0.0
200110,560375,4,0.0
200110,560383,1,0.0
200110,560413,4,0.0
200110,560448,4,0.0
200110,560456,4,0.0
200110,560464,4,0.0
200110,560472,1,0.0
200110,560499,4,0.0
200110,560286,4,0.0
200110,560537,1,0.0
200110,560537,4,0.0
200110,560545,4,0.0
200110,560588,4,0.0
200110,560600,4,0.0
200110,560642,4,0.0
200110,560677,4,0.0
200110,560332,4,0.0
200111,599999,4,0.0
200110,560057,4,0.0
200110,559806,4,0.0
200110,559814,4,0.0
200110,559857,4,0.0
200110,559911,4,0.0
200110,560162,4,0.0
200110,560006,4,0.0
200110,560014,1,0.0
200110,587711,1,-7.105427357601002e-15
200110,513644,4,-2.2737367544323206e-13
200110,507237,4,-2.2737367544323206e-13
200110,595209,1,-2.2737367544323206e-13
200110,568678,4,-2.2737367544323206e-13
200110,534005,4,-4.547473508864641e-13
200111,556751,4,-4.547473508864641e-13
200110,554804,1,-8.880000000000001e-13
200111,564591,4,-9.094947017729282e-13
200110,539228,4,-9.094947017729282e-13
200111,584649,1,-9.094947017729282e-13
200111,539911,1,-2.7284841053187847e-12
200110,535087,1,-3.183231456205249e-12
200110,588032,4,-3.637978807091713e-12
200110,593711,1,-6.0254023992456496e-12
200110,546127,1,-6.139089236967266e-12
200110,554821,4,-7.275957614183426e-12
200111,554961,4,-7.96e-12
200111,569771,1,-1.4551915228366852e-11
200111,544256,1,-4.786215868080035e-11
200110,544477,1,-4.0745362639427185e-10
200111,507016,1,-3.999994078185409e-06
200111,578444,1,-4.7000000000352316e-05
200111,567515,1,-0.00020000030053779483
200111,540170,4,-0.0009999999992942321
200111,531910,4,-0.0009999999999763531
200111,541052,4,-0.0009999999999763531
200111,551350,4,-0.0009999999999763531
200111,531201,4,-0.0010000000002037268
200111,531715,4,-0.00200000000018008
200111,541567,4,-0.00200000000018008
200111,564249,1,-0.002953999995952472
200110,554782,1,-0.002999999957410182
200111,540153,4,-0.0029999999997016857
200111,541583,4,-0.0029999999999290594
200111,549614,4,-0.0029999999999290594
200111,540315,4,-0.003000000000156433
200111,541231,4,-0.003020000000105938
200111,531855,4,-0.0039999999999054126
200111,531642,4,-0.003999999999990678
200111,562157,4,-0.004000000000132786
200111,541541,4,-0.00400000000036016
200111,540242,4,-0.004999999999654392
200111,533939,4,-0.0049999999999954525
200111,534285,4,-0.005000000000109139
200111,544477,1,-0.005000000448490027
